0 0.20625 0.7481481481481481 0.4083333333333333 0.15
0 0.4049479166666667 0.7574074074074074 0.18802083333333333 0.22777777777777777
0 0.6239583333333333 0.7467592592592592 0.22291666666666668 0.23055555555555557
0 0.7109375 0.7388888888888889 0.32083333333333336 0.22777777777777777
1 0.5059895833333333 0.6819444444444445 0.030729166666666665 0.03796296296296296
1 0.8380208333333333 0.6625 0.321875 0.08611111111111111
1 0.5901041666666667 0.6828703703703703 0.026041666666666668 0.032407407407407406
1 0.3809895833333333 0.6796296296296296 0.0296875 0.02962962962962963
2 0.5033854166666667 0.5898148148148148 0.14427083333333332 0.15185185185185185
2 0.6223958333333334 0.5921296296296297 0.10416666666666667 0.12314814814814815
4 0.6221354166666667 0.5740740740740741 0.03697916666666667 0.16666666666666666
