0 0.23958333333333334 0.7527777777777778 0.4166666666666667 0.17777777777777778
0 0.40859375 0.7527777777777778 0.18802083333333333 0.22777777777777777
0 0.5184895833333333 0.7462962962962963 0.03697916666666667 0.09074074074074075
0 0.6239583333333333 0.7467592592592592 0.22291666666666668 0.23055555555555557
0 0.7703125 0.7453703703703703 0.3958333333333333 0.21481481481481482
0 0.678125 0.7375 0.065625 0.06759259259259259
0 0.36276041666666664 0.7416666666666667 0.0796875 0.06851851851851852
0 0.25442708333333336 0.7282407407407407 0.0890625 0.05277777777777778
1 0.8380208333333333 0.6625 0.321875 0.08611111111111111
2 0.5036458333333333 0.5699074074074074 0.175 0.1824074074074074
2 0.6484375 0.5930555555555556 0.128125 0.1787037037037037
2 0.6473958333333333 0.5912037037037037 0.128125 0.1787037037037037
4 0.6440104166666667 0.5638888888888889 0.0390625 0.1685185185185185
