0 0.20807291666666666 0.7407407407407407 0.4161458333333333 0.17777777777777778
0 0.40859375 0.7527777777777778 0.18802083333333333 0.22777777777777777
0 0.5182291666666666 0.7953703703703704 0.03958333333333333 0.12407407407407407
0 0.6239583333333333 0.7467592592592592 0.22291666666666668 0.23055555555555557
0 0.7802083333333333 0.7430555555555556 0.415625 0.2101851851851852
0 0.74140625 0.7759259259259259 0.10052083333333334 0.0962962962962963
0 0.3028645833333333 0.7800925925925926 0.14010416666666667 0.08796296296296297
0 0.17526041666666667 0.7388888888888889 0.1484375 0.06296296296296296
1 0.8390625 0.6421296296296296 0.321875 0.08611111111111111
2 0.5036458333333333 0.5796296296296296 0.190625 0.1925925925925926
2 0.6580729166666667 0.586574074074074 0.10677083333333333 0.18796296296296297
4 0.6541666666666667 0.5652777777777778 0.035416666666666666 0.18796296296296297
