0 0.2078125 0.7435185185185185 0.415625 0.17777777777777778
0 0.40859375 0.7527777777777778 0.18802083333333333 0.22777777777777777
0 0.6 0.7569444444444444 0.175 0.25092592592592594
0 0.80234375 0.7347222222222223 0.39427083333333335 0.17685185185185184
0 0.6786458333333333 0.7625 0.2552083333333333 0.21388888888888888
1 0.87890625 0.6592592592592592 0.24114583333333334 0.04814814814814815
1 0.6447916666666667 0.7606481481481482 0.23020833333333332 0.21944444444444444
2 0.50234375 0.5439814814814815 0.23385416666666667 0.262037037037037
2 0.6841145833333333 0.5842592592592593 0.14322916666666666 0.22037037037037038
4 0.6708333333333333 0.5513888888888889 0.03854166666666667 0.19537037037037036
