0 0.20625 0.7481481481481481 0.4083333333333333 0.15
0 0.4049479166666667 0.7574074074074074 0.18802083333333333 0.22777777777777777
0 0.6239583333333333 0.7467592592592592 0.22291666666666668 0.23055555555555557
0 0.69140625 0.7425925925925926 0.28177083333333336 0.2351851851851852
1 0.5059895833333333 0.6819444444444445 0.030729166666666665 0.03796296296296296
1 0.8375 0.6828703703703703 0.321875 0.08611111111111111
1 0.571875 0.6782407407407407 0.026041666666666668 0.032407407407407406
2 0.5052083333333334 0.5898148148148148 0.140625 0.1574074074074074
2 0.6135416666666667 0.5990740740740741 0.09479166666666666 0.13333333333333333
4 0.6140625 0.5763888888888888 0.03333333333333333 0.1287037037037037
