0 0.20625 0.7481481481481481 0.4083333333333333 0.15
0 0.4049479166666667 0.7574074074074074 0.18802083333333333 0.22777777777777777
0 0.6239583333333333 0.7467592592592592 0.22291666666666668 0.23055555555555557
0 0.69140625 0.7425925925925926 0.28177083333333336 0.2351851851851852
1 0.5059895833333333 0.6819444444444445 0.030729166666666665 0.03796296296296296
1 0.8380208333333333 0.6625 0.321875 0.08611111111111111
1 0.5802083333333333 0.6768518518518518 0.026041666666666668 0.03148148148148148
2 0.50625 0.5902777777777778 0.128125 0.15092592592592594
2 0.6229166666666667 0.5990740740740741 0.09479166666666666 0.16666666666666666
4 0.61875 0.5773148148148148 0.034375 0.1527777777777778
