0 0.20625 0.7481481481481481 0.4083333333333333 0.15
0 0.4049479166666667 0.7574074074074074 0.18802083333333333 0.22777777777777777
0 0.6239583333333333 0.7467592592592592 0.22291666666666668 0.23055555555555557
0 0.7109375 0.7388888888888889 0.32083333333333336 0.22777777777777777
1 0.5091145833333334 0.6958333333333333 0.030729166666666665 0.03796296296296296
1 0.8380208333333333 0.6625 0.321875 0.08611111111111111
1 0.6036458333333333 0.6972222222222222 0.026041666666666668 0.03148148148148148
1 0.42604166666666665 0.6935185185185185 0.0375 0.037037037037037035
1 0.36223958333333334 0.6958333333333333 0.03697916666666667 0.03981481481481482
2 0.5052083333333334 0.5884259259259259 0.153125 0.15462962962962962
2 0.63125 0.5995370370370371 0.09895833333333333 0.14722222222222223
4 0.6296875 0.5773148148148148 0.042708333333333334 0.16944444444444445
