0 0.20625 0.7481481481481481 0.4083333333333333 0.15
0 0.4049479166666667 0.7574074074074074 0.18802083333333333 0.22777777777777777
0 0.5114583333333333 0.711574074074074 0.035416666666666666 0.05277777777777778
0 0.6239583333333333 0.7467592592592592 0.22291666666666668 0.23055555555555557
0 0.7109375 0.7388888888888889 0.32083333333333336 0.22777777777777777
0 0.61953125 0.700925925925926 0.030729166666666665 0.04814814814814815
0 0.4127604166666667 0.711574074074074 0.04010416666666667 0.03981481481481482
1 0.8380208333333333 0.6625 0.321875 0.08611111111111111
1 0.3390625 0.7037037037037037 0.04479166666666667 0.03148148148148148
2 0.5013020833333334 0.5912037037037037 0.15885416666666666 0.17314814814814813
2 0.6307291666666667 0.5981481481481481 0.11145833333333334 0.15925925925925927
4 0.6356770833333333 0.5666666666666667 0.03697916666666667 0.1648148148148148
