0 0.20807291666666666 0.7685185185185185 0.4140625 0.18888888888888888
0 0.4049479166666667 0.7574074074074074 0.18802083333333333 0.22777777777777777
0 0.51015625 0.7231481481481481 0.0390625 0.05925925925925926
0 0.6239583333333333 0.7467592592592592 0.22291666666666668 0.23055555555555557
0 0.7703125 0.7453703703703703 0.3958333333333333 0.21481481481481482
0 0.6385416666666667 0.7189814814814814 0.0375 0.05462962962962963
0 0.390625 0.7208333333333333 0.059375 0.04722222222222222
0 0.30572916666666666 0.7125 0.07291666666666667 0.03611111111111111
1 0.8380208333333333 0.6625 0.321875 0.08611111111111111
2 0.5052083333333334 0.5791666666666667 0.16458333333333333 0.1824074074074074
2 0.6401041666666667 0.5930555555555556 0.11354166666666667 0.16944444444444445
4 0.6388020833333333 0.5638888888888889 0.04010416666666667 0.1685185185185185
