0 0.2078125 0.7435185185185185 0.415625 0.17777777777777778
0 0.40859375 0.7527777777777778 0.18802083333333333 0.22777777777777777
0 0.5166666666666667 0.8189814814814815 0.042708333333333334 0.07685185185185185
0 0.6239583333333333 0.7467592592592592 0.22291666666666668 0.23055555555555557
0 0.80234375 0.7347222222222223 0.39427083333333335 0.17685185185185184
0 0.825 0.799537037037037 0.14479166666666668 0.10462962962962963
0 0.23411458333333332 0.8060185185185185 0.18072916666666666 0.09907407407407408
0 0.09270833333333334 0.749537037037037 0.18229166666666666 0.0787037037037037
1 0.9239583333333333 0.6625 0.15208333333333332 0.04537037037037037
2 0.5044270833333333 0.575 0.19739583333333333 0.23703703703703705
2 0.6627604166666666 0.5851851851851851 0.11927083333333334 0.19444444444444445
4 0.6533854166666667 0.5555555555555556 0.03697916666666667 0.19814814814814816
