0 0.2078125 0.7435185185185185 0.415625 0.17777777777777778
0 0.40859375 0.7527777777777778 0.18802083333333333 0.22777777777777777
0 0.03828125 0.7694444444444445 0.07760416666666667 0.06666666666666667
0 0.6239583333333333 0.7467592592592592 0.22291666666666668 0.23055555555555557
0 0.80234375 0.7347222222222223 0.39427083333333335 0.17685185185185184
0 0.9182291666666667 0.8189814814814815 0.12083333333333333 0.06574074074074074
0 0.18177083333333333 0.8407407407407408 0.07604166666666666 0.02962962962962963
1 0.83203125 0.6703703703703704 0.0890625 0.04259259259259259
2 0.5015625 0.5638888888888889 0.203125 0.22777777777777777
2 0.6747395833333333 0.5879629629629629 0.13697916666666668 0.20185185185185187
4 0.66171875 0.5597222222222222 0.04114583333333333 0.21388888888888888
