0 0.21614583333333334 0.7574074074074074 0.4166666666666667 0.17777777777777778
0 0.40078125 0.7555555555555555 0.20364583333333333 0.23333333333333334
0 0.6033854166666667 0.7657407407407407 0.1609375 0.23333333333333334
0 0.78984375 0.7148148148148148 0.4192708333333333 0.1425925925925926
0 0.6880208333333333 0.7541666666666667 0.2791666666666667 0.21388888888888888
1 0.87890625 0.6592592592592592 0.24114583333333334 0.04814814814814815
1 0.6640625 0.7615740740740741 0.26875 0.2212962962962963
2 0.5049479166666667 0.5407407407407407 0.2390625 0.25555555555555554
2 0.6942708333333333 0.5800925925925926 0.15520833333333334 0.22870370370370371
4 0.67890625 0.5462962962962963 0.03802083333333333 0.2037037037037037
