0 0.22890625 0.736574074074074 0.4171875 0.19537037037037036
0 0.41171875 0.75 0.18802083333333333 0.22777777777777777
0 0.5846354166666666 0.7527777777777778 0.14427083333333332 0.24259259259259258
0 0.7825520833333334 0.6958333333333333 0.4317708333333333 0.13240740740740742
0 0.6924479166666667 0.762962962962963 0.2953125 0.23333333333333334
1 0.87890625 0.6592592592592592 0.24114583333333334 0.04814814814814815
1 0.4005208333333333 0.6759259259259259 0.022916666666666665 0.03148148148148148
1 0.5114583333333333 0.6805555555555556 0.027083333333333334 0.040740740740740744
1 0.6276041666666666 0.6768518518518518 0.022916666666666665 0.03333333333333333
1 0.6768229166666667 0.7583333333333333 0.3151041666666667 0.23703703703703705
2 0.5002604166666667 0.5439814814814815 0.25364583333333335 0.2490740740740741
2 0.7080729166666667 0.5814814814814815 0.16927083333333334 0.2777777777777778
4 0.6848958333333334 0.5513888888888889 0.04583333333333333 0.24351851851851852
