0 0.22890625 0.736574074074074 0.4171875 0.19537037037037036
0 0.41171875 0.75 0.18802083333333333 0.22777777777777777
0 0.5981770833333333 0.7560185185185185 0.17135416666666667 0.25277777777777777
0 0.7825520833333334 0.6958333333333333 0.4317708333333333 0.13240740740740742
0 0.7229166666666667 0.7583333333333333 0.35104166666666664 0.2037037037037037
1 0.8700520833333333 0.6555555555555556 0.25885416666666666 0.05555555555555555
1 0.39010416666666664 0.6875 0.03125 0.028703703703703703
1 0.5114583333333333 0.700462962962963 0.027083333333333334 0.03981481481481482
1 0.6395833333333333 0.6837962962962963 0.046875 0.04722222222222222
1 0.44166666666666665 0.6888888888888889 0.03229166666666667 0.03148148148148148
1 0.6927083333333334 0.762962962962963 0.3260416666666667 0.22407407407407406
2 0.50234375 0.5388888888888889 0.29010416666666666 0.3148148148148148
2 0.7276041666666667 0.5481481481481482 0.16875 0.2777777777777778
4 0.6197916666666666 0.5962962962962963 0.03125 0.10555555555555556
4 0.4544270833333333 0.611574074074074 0.013020833333333334 0.11203703703703703
4 0.6963541666666667 0.5486111111111112 0.05625 0.25462962962962965
