0 0.22890625 0.736574074074074 0.4171875 0.19537037037037036
0 0.40286458333333336 0.7555555555555555 0.20572916666666666 0.2388888888888889
0 0.6135416666666667 0.7805555555555556 0.175 0.26481481481481484
0 0.7825520833333334 0.6958333333333333 0.4317708333333333 0.13240740740740742
0 0.7377604166666667 0.7578703703703704 0.3723958333333333 0.20462962962962963
1 0.8700520833333333 0.6555555555555556 0.25885416666666666 0.05555555555555555
1 0.36770833333333336 0.6893518518518519 0.03125 0.028703703703703703
1 0.5122395833333333 0.6949074074074074 0.027604166666666666 0.03981481481481482
1 0.6611979166666667 0.6837962962962963 0.04635416666666667 0.04722222222222222
1 0.4395833333333333 0.6935185185185185 0.028125 0.037037037037037035
1 0.7174479166666666 0.7648148148148148 0.37552083333333336 0.22777777777777777
2 0.49973958333333335 0.5138888888888888 0.32447916666666665 0.3333333333333333
2 0.7395833333333334 0.5458333333333333 0.1875 0.27685185185185185
4 0.4513020833333333 0.6069444444444444 0.0171875 0.12129629629629629
4 0.4739583333333333 0.5995370370370371 0.028125 0.15092592592592594
4 0.6236979166666666 0.5972222222222222 0.030729166666666665 0.13518518518518519
4 0.7020833333333333 0.5412037037037037 0.04895833333333333 0.2712962962962963
