0 0.22890625 0.736574074074074 0.4171875 0.19537037037037036
0 0.3984375 0.7532407407407408 0.21458333333333332 0.23425925925925925
0 0.7815104166666667 0.6865740740740741 0.4296875 0.11388888888888889
0 0.59453125 0.7694444444444445 0.13489583333333333 0.22037037037037038
0 0.75625 0.7689814814814815 0.36770833333333336 0.225
1 0.7286458333333333 0.7449074074074075 0.4322916666666667 0.23055555555555557
1 0.8700520833333333 0.6555555555555556 0.25885416666666666 0.05555555555555555
1 0.3450520833333333 0.700462962962963 0.050520833333333334 0.030555555555555555
1 0.5122395833333333 0.7018518518518518 0.027604166666666666 0.040740740740740744
1 0.6846354166666667 0.6898148148148148 0.04635416666666667 0.046296296296296294
1 0.42942708333333335 0.7069444444444445 0.0390625 0.03796296296296296
1 0.084375 0.6958333333333333 0.16666666666666666 0.05462962962962963
2 0.5934895833333333 0.5018518518518519 0.5484375 0.35555555555555557
4 0.44869791666666664 0.5819444444444445 0.021354166666666667 0.08055555555555556
4 0.4669270833333333 0.5726851851851852 0.0265625 0.10092592592592593
4 0.6236979166666666 0.5972222222222222 0.030729166666666665 0.13518518518518519
