0 0.21875 0.7407407407407407 0.43020833333333336 0.17222222222222222
0 0.40130208333333334 0.7574074074074074 0.18802083333333333 0.22777777777777777
0 0.59453125 0.7578703703703704 0.1640625 0.2564814814814815
0 0.7825520833333334 0.6842592592592592 0.4317708333333333 0.10925925925925926
0 0.31927083333333334 0.700925925925926 0.059375 0.024074074074074074
0 0.5106770833333333 0.7143518518518519 0.027604166666666666 0.03981481481481482
0 0.7138020833333333 0.6935185185185185 0.058854166666666666 0.053703703703703705
0 0.4049479166666667 0.7083333333333334 0.04010416666666667 0.05555555555555555
0 0.7669270833333334 0.7430555555555556 0.42864583333333334 0.19722222222222222
1 0.8700520833333333 0.6555555555555556 0.25885416666666666 0.05555555555555555
1 0.7497395833333333 0.7699074074074074 0.4421875 0.23796296296296296
2 0.5997395833333333 0.4847222222222222 0.6036458333333333 0.41759259259259257
4 0.44609375 0.5833333333333334 0.021354166666666667 0.08148148148148149
4 0.46588541666666666 0.5699074074074074 0.0265625 0.10092592592592593
4 0.6255208333333333 0.5949074074074074 0.030208333333333334 0.1361111111111111
