0 0.21875 0.7407407407407407 0.43020833333333336 0.17222222222222222
0 0.40130208333333334 0.7574074074074074 0.18802083333333333 0.22777777777777777
0 0.6005208333333333 0.7569444444444444 0.17604166666666668 0.25462962962962965
0 0.7825520833333334 0.6842592592592592 0.4317708333333333 0.10925925925925926
0 0.2765625 0.7148148148148148 0.11875 0.04259259259259259
0 0.5106770833333333 0.7375 0.027604166666666666 0.08611111111111111
0 0.7518229166666667 0.700462962962963 0.09427083333333333 0.05648148148148148
0 0.37916666666666665 0.7236111111111111 0.06458333333333334 0.058333333333333334
0 0.7731770833333333 0.7342592592592593 0.4328125 0.17592592592592593
1 0.8705729166666667 0.6398148148148148 0.25885416666666666 0.05555555555555555
1 0.7463541666666667 0.7620370370370371 0.4375 0.22962962962962963
2 0.6005208333333333 0.4583333333333333 0.66875 0.5185185185185185
2 0.4203125 0.6208333333333333 0.020833333333333332 0.0824074074074074
4 0.4421875 0.5773148148148148 0.021875 0.08055555555555556
4 0.4627604166666667 0.5578703703703703 0.0265625 0.10092592592592593
4 0.6317708333333333 0.5861111111111111 0.030208333333333334 0.13518518518518519
