0 0.21692708333333333 0.7527777777777778 0.43072916666666666 0.17222222222222222
0 0.3971354166666667 0.7555555555555555 0.21197916666666666 0.2388888888888889
0 0.5932291666666667 0.7592592592592593 0.16145833333333334 0.25925925925925924
0 0.7848958333333333 0.6875 0.43125 0.09907407407407408
0 0.20885416666666667 0.737037037037037 0.128125 0.05555555555555555
0 0.5109375 0.7638888888888888 0.028125 0.1388888888888889
0 0.8203125 0.7236111111111111 0.12395833333333334 0.062037037037037036
0 0.33645833333333336 0.7592592592592593 0.11354166666666667 0.07777777777777778
0 0.7723958333333333 0.7444444444444445 0.434375 0.16666666666666666
1 0.89453125 0.6615740740740741 0.2109375 0.03796296296296296
1 0.7447916666666666 0.7592592592592593 0.44583333333333336 0.22037037037037038
2 0.5830729166666667 0.4398148148148148 0.7505208333333333 0.5370370370370371
2 0.41354166666666664 0.6287037037037037 0.026041666666666668 0.08518518518518518
4 0.4421875 0.5773148148148148 0.021875 0.08055555555555556
4 0.4596354166666667 0.5578703703703703 0.0265625 0.10092592592592593
4 0.6348958333333333 0.5861111111111111 0.030208333333333334 0.13518518518518519
4 0.4122395833333333 0.5115740740740741 0.0578125 0.27685185185185185
