0 0.21614583333333334 0.7680555555555556 0.4322916666666667 0.20277777777777778
0 0.40520833333333334 0.7537037037037037 0.19583333333333333 0.2351851851851852
0 0.7763020833333333 0.7379629629629629 0.43385416666666665 0.17407407407407408
0 0.7822916666666667 0.6787037037037037 0.43125 0.09814814814814815
0 0.10494791666666667 0.7458333333333333 0.18177083333333333 0.07314814814814814
0 0.5091145833333334 0.7967592592592593 0.04739583333333333 0.14351851851851852
0 0.91328125 0.7268518518518519 0.1734375 0.06851851851851852
0 0.24296875 0.8027777777777778 0.1921875 0.1111111111111111
0 0.60078125 0.763425925925926 0.15260416666666668 0.21388888888888888
1 0.8682291666666667 0.6671296296296296 0.25833333333333336 0.05462962962962963
1 0.72421875 0.7796296296296297 0.37864583333333335 0.2518518518518518
2 0.5752604166666667 0.40046296296296297 0.8494791666666667 0.6916666666666667
2 0.40729166666666666 0.6236111111111111 0.025 0.08425925925925926
4 0.44036458333333334 0.5740740740740741 0.021354166666666667 0.08148148148148149
4 0.4609375 0.5527777777777778 0.029166666666666667 0.1111111111111111
4 0.6401041666666667 0.5731481481481482 0.030208333333333334 0.13518518518518519
4 0.7859375 0.4597222222222222 0.065625 0.2824074074074074
4 0.4083333333333333 0.487962962962963 0.06145833333333333 0.30925925925925923
