0 0.21484375 0.7268518518518519 0.4296875 0.17222222222222222
0 0.39557291666666666 0.7601851851851852 0.21510416666666668 0.24814814814814815
0 0.59609375 0.7712962962962963 0.15260416666666668 0.24444444444444444
0 0.7822916666666667 0.6787037037037037 0.43125 0.09814814814814815
0 0.06614583333333333 0.7453703703703703 0.128125 0.05555555555555555
0 0.9669270833333333 0.7444444444444445 0.0671875 0.05740740740740741
0 0.19036458333333334 0.8189814814814815 0.13072916666666667 0.07685185185185185
0 0.771875 0.7333333333333333 0.43020833333333336 0.1537037037037037
1 0.7544270833333333 0.7638888888888888 0.4515625 0.21666666666666667
2 0.5130208333333334 0.12638888888888888 0.7166666666666667 0.25277777777777777
2 0.39869791666666665 0.6152777777777778 0.0265625 0.10833333333333334
4 0.43125 0.5875 0.017708333333333333 0.12129629629629629
4 0.4515625 0.5763888888888888 0.028125 0.15092592592592594
4 0.64609375 0.5731481481481482 0.030729166666666665 0.13518518518518519
4 0.7981770833333334 0.4689814814814815 0.0734375 0.3787037037037037
4 0.3924479166666667 0.49537037037037035 0.0828125 0.37407407407407406
