0 0.21484375 0.7532407407407408 0.4296875 0.225
0 0.40520833333333334 0.7537037037037037 0.19583333333333333 0.2351851851851852
0 0.596875 0.7546296296296297 0.16770833333333332 0.2537037037037037
0 0.7822916666666667 0.6787037037037037 0.43125 0.09814814814814815
0 0.7760416666666666 0.7324074074074074 0.42604166666666665 0.14629629629629629
1 0.9236979166666667 0.6606481481481481 0.13385416666666666 0.04351851851851852
1 0.7544270833333333 0.7606481481481482 0.4515625 0.21388888888888888
2 0.5036458333333333 0.07824074074074074 0.8875 0.15833333333333333
2 0.38723958333333336 0.6194444444444445 0.024479166666666666 0.1
4 0.8359375 0.44583333333333336 0.08541666666666667 0.44722222222222224
4 0.3763020833333333 0.4652777777777778 0.0828125 0.3731481481481482
4 0.6497395833333334 0.5703703703703704 0.030729166666666665 0.13518518518518519
4 0.4479166666666667 0.5675925925925925 0.03333333333333333 0.1685185185185185
