0 0.21588541666666666 0.749537037037037 0.4276041666666667 0.2175925925925926
0 0.40520833333333334 0.7537037037037037 0.19583333333333333 0.2351851851851852
0 0.59453125 0.7569444444444444 0.1640625 0.25833333333333336
0 0.7815104166666667 0.6759259259259259 0.4296875 0.09259259259259259
0 0.7822916666666667 0.7296296296296296 0.4270833333333333 0.1574074074074074
1 0.878125 0.663425925925926 0.23645833333333333 0.03425925925925926
1 0.7528645833333333 0.7597222222222222 0.4359375 0.225
2 0.37578125 0.6152777777777778 0.0265625 0.10833333333333334
4 0.44609375 0.5662037037037037 0.0359375 0.20092592592592592
4 0.66171875 0.5689814814814815 0.04114583333333333 0.16944444444444445
4 0.8591145833333333 0.44027777777777777 0.10260416666666666 0.5064814814814815
4 0.36640625 0.4685185185185185 0.08697916666666666 0.4425925925925926
