0 0.21484375 0.7472222222222222 0.4296875 0.21296296296296297
0 0.40520833333333334 0.7537037037037037 0.19583333333333333 0.2351851851851852
0 0.5979166666666667 0.7560185185185185 0.17083333333333334 0.2564814814814815
0 0.7815104166666667 0.6759259259259259 0.4296875 0.09259259259259259
0 0.7739583333333333 0.7333333333333333 0.4354166666666667 0.15
1 0.8822916666666667 0.6560185185185186 0.23645833333333333 0.03425925925925926
1 0.75234375 0.763425925925926 0.44947916666666665 0.21388888888888888
2 0.3619791666666667 0.6217592592592592 0.026041666666666668 0.10833333333333334
4 0.44192708333333336 0.5615740740740741 0.0359375 0.20092592592592592
4 0.66171875 0.5689814814814815 0.04114583333333333 0.16944444444444445
4 0.88515625 0.40324074074074073 0.10260416666666666 0.5064814814814815
4 0.34088541666666666 0.42407407407407405 0.11614583333333334 0.5018518518518519
