0 0.21484375 0.7268518518518519 0.4296875 0.17222222222222222
0 0.40520833333333334 0.7537037037037037 0.19583333333333333 0.2351851851851852
0 0.5979166666666667 0.7560185185185185 0.17083333333333334 0.2564814814814815
0 0.7815104166666667 0.6759259259259259 0.4296875 0.09259259259259259
0 0.7708333333333334 0.7300925925925926 0.434375 0.14722222222222223
1 0.8421875 0.6564814814814814 0.309375 0.03148148148148148
1 0.5111979166666667 0.6777777777777778 0.024479166666666666 0.02962962962962963
1 0.615625 0.6736111111111112 0.021875 0.021296296296296296
1 0.41744791666666664 0.6754629629629629 0.0453125 0.023148148148148147
1 0.7557291666666667 0.7592592592592593 0.45416666666666666 0.2111111111111111
2 0.34348958333333335 0.6240740740740741 0.0359375 0.14629629629629629
2 0.41822916666666665 0.6041666666666666 0.015625 0.028703703703703703
4 0.43671875 0.5518518518518518 0.050520833333333334 0.20925925925925926
4 0.6708333333333333 0.5564814814814815 0.046875 0.18518518518518517
4 0.9317708333333333 0.38055555555555554 0.134375 0.5796296296296296
4 0.3359375 0.4027777777777778 0.128125 0.5833333333333334
