0 0.21484375 0.7268518518518519 0.4296875 0.17222222222222222
0 0.39895833333333336 0.7541666666666667 0.20833333333333334 0.2361111111111111
0 0.6005208333333333 0.75 0.17604166666666668 0.24444444444444444
0 0.7815104166666667 0.6759259259259259 0.4296875 0.09259259259259259
0 0.7729166666666667 0.7282407407407407 0.44583333333333336 0.14907407407407408
1 0.8421875 0.6564814814814814 0.309375 0.03148148148148148
1 0.40703125 0.674537037037037 0.049479166666666664 0.032407407407407406
1 0.45260416666666664 0.6805555555555556 0.017708333333333333 0.03333333333333333
1 0.5088541666666667 0.6787037037037037 0.020833333333333332 0.024074074074074074
1 0.6294270833333333 0.6754629629629629 0.0265625 0.025
1 0.7484375 0.7583333333333333 0.4395833333333333 0.2037037037037037
2 0.321875 0.6069444444444444 0.036458333333333336 0.14722222222222223
2 0.41354166666666664 0.6041666666666666 0.017708333333333333 0.023148148148148147
4 0.43307291666666664 0.5388888888888889 0.050520833333333334 0.20925925925925926
4 0.6708333333333333 0.5564814814814815 0.046875 0.18518518518518517
4 0.9528645833333333 0.31342592592592594 0.0953125 0.5342592592592592
4 0.29010416666666666 0.3787037037037037 0.15104166666666666 0.6222222222222222
