0 0.21588541666666666 0.7509259259259259 0.4276041666666667 0.22037037037037038
0 0.40520833333333334 0.7537037037037037 0.19583333333333333 0.2351851851851852
0 0.5927083333333333 0.7574074074074074 0.16041666666666668 0.25925925925925924
0 0.7723958333333333 0.7268518518518519 0.44166666666666665 0.15185185185185185
1 0.7815104166666667 0.6759259259259259 0.4296875 0.09259259259259259
1 0.8442708333333333 0.663425925925926 0.31145833333333334 0.03425925925925926
1 0.39401041666666664 0.6796296296296296 0.0796875 0.03888888888888889
1 0.5098958333333333 0.6907407407407408 0.035416666666666666 0.037037037037037035
1 0.6403645833333333 0.6842592592592592 0.03697916666666667 0.03333333333333333
1 0.4434895833333333 0.6893518518518519 0.0203125 0.032407407407407406
1 0.7578125 0.763425925925926 0.4552083333333333 0.22314814814814815
2 0.29583333333333334 0.6138888888888889 0.036458333333333336 0.16111111111111112
2 0.40182291666666664 0.5995370370370371 0.0171875 0.028703703703703703
4 0.42265625 0.5342592592592592 0.050520833333333334 0.20925925925925926
4 0.6901041666666666 0.5611111111111111 0.04791666666666667 0.20185185185185187
4 0.9528645833333333 0.0837962962962963 0.09427083333333333 0.1675925925925926
