0 0.21484375 0.7601851851851852 0.4296875 0.2388888888888889
0 0.42083333333333334 0.7375 0.16458333333333333 0.20277777777777778
0 0.5966145833333333 0.7550925925925925 0.16822916666666668 0.25462962962962965
0 0.77890625 0.7324074074074074 0.42135416666666664 0.15185185185185185
1 0.7979166666666667 0.6953703703703704 0.403125 0.07777777777777778
1 0.8442708333333333 0.663425925925926 0.31145833333333334 0.03425925925925926
1 0.3770833333333333 0.6796296296296296 0.10104166666666667 0.03888888888888889
1 0.5098958333333333 0.6907407407407408 0.035416666666666666 0.037037037037037035
1 0.6604166666666667 0.6898148148148148 0.036458333333333336 0.03333333333333333
1 0.43046875 0.6902777777777778 0.0296875 0.032407407407407406
1 0.75625 0.7736111111111111 0.4583333333333333 0.24351851851851852
2 0.26458333333333334 0.5930555555555556 0.041666666666666664 0.21574074074074073
2 0.3927083333333333 0.5981481481481481 0.027083333333333334 0.044444444444444446
4 0.4080729166666667 0.5439814814814815 0.06927083333333334 0.2861111111111111
4 0.6989583333333333 0.549537037037037 0.04791666666666667 0.20277777777777778
4 0.40520833333333334 0.5708333333333333 0.03125 0.17314814814814813
