0 0.21484375 0.7268518518518519 0.4296875 0.17222222222222222
0 0.3997395833333333 0.7550925925925925 0.2046875 0.23796296296296296
0 0.5973958333333333 0.75 0.16979166666666667 0.24444444444444444
0 0.5083333333333333 0.700925925925926 0.03229166666666667 0.05740740740740741
0 0.6880208333333333 0.6884259259259259 0.046875 0.03611111111111111
0 0.41901041666666666 0.7046296296296296 0.04635416666666667 0.04259259259259259
0 0.7869791666666667 0.7314814814814815 0.409375 0.13518518518518519
1 0.8088541666666667 0.6930555555555555 0.38125 0.0824074074074074
1 0.8442708333333333 0.663425925925926 0.31145833333333334 0.03425925925925926
1 0.3645833333333333 0.687037037037037 0.12604166666666666 0.053703703703703705
1 0.7596354166666667 0.7717592592592593 0.4484375 0.225
2 0.2125 0.5828703703703704 0.041666666666666664 0.21574074074074073
2 0.3859375 0.5981481481481481 0.027083333333333334 0.044444444444444446
4 0.40859375 0.5296296296296297 0.06927083333333334 0.2851851851851852
4 0.7153645833333333 0.5523148148148148 0.0484375 0.23425925925925925
4 0.4036458333333333 0.5726851851851852 0.03958333333333333 0.1935185185185185
