0 0.21484375 0.736574074074074 0.4296875 0.19166666666666668
0 0.4044270833333333 0.7537037037037037 0.1953125 0.2351851851851852
0 0.7830729166666667 0.7763888888888889 0.43385416666666665 0.23055555555555557
0 0.5104166666666666 0.7129629629629629 0.036458333333333336 0.08148148148148149
0 0.72734375 0.700925925925926 0.0703125 0.04814814814814815
0 0.3921875 0.7194444444444444 0.052083333333333336 0.06296296296296296
0 0.6046875 0.7689814814814815 0.16770833333333332 0.2212962962962963
1 0.8041666666666667 0.6953703703703704 0.38229166666666664 0.07407407407407407
1 0.8442708333333333 0.663425925925926 0.31145833333333334 0.03425925925925926
1 0.33958333333333335 0.6939814814814815 0.1625 0.05648148148148148
1 0.7486979166666666 0.774074074074074 0.4244791666666667 0.22592592592592592
2 0.16302083333333334 0.5847222222222223 0.05 0.2898148148148148
2 0.3690104166666667 0.5921296296296297 0.0171875 0.032407407407407406
2 0.5036458333333333 0.612037037037037 0.025 0.03888888888888889
4 0.39088541666666665 0.5217592592592593 0.07239583333333334 0.33611111111111114
4 0.72421875 0.5425925925925926 0.05677083333333333 0.25925925925925924
4 0.39036458333333335 0.5662037037037037 0.04114583333333333 0.21203703703703702
