0 0.3611979166666667 0.7402777777777778 0.09635416666666667 0.08055555555555556
0 0.50390625 0.7532407407407408 0.05260416666666667 0.09537037037037037
0 0.7854166666666667 0.712037037037037 0.10729166666666666 0.05
0 0.21354166666666666 0.7263888888888889 0.4270833333333333 0.1675925925925926
0 0.390625 0.7523148148148148 0.215625 0.225
0 0.6010416666666667 0.7601851851851852 0.15729166666666666 0.24259259259259258
0 0.7963541666666667 0.7518518518518519 0.40625 0.17037037037037037
1 0.284375 0.7050925925925926 0.21979166666666666 0.0824074074074074
1 0.9138020833333333 0.6550925925925926 0.15989583333333332 0.06944444444444445
1 0.7401041666666667 0.7768518518518519 0.415625 0.23703703703703705
1 0.8106770833333333 0.7143518518518519 0.37135416666666665 0.11203703703703703
2 0.07890625 0.5504629629629629 0.04114583333333333 0.30462962962962964
2 0.3575520833333333 0.5879629629629629 0.022395833333333334 0.03888888888888889
2 0.50390625 0.6111111111111112 0.0140625 0.03148148148148148
2 0.42265625 0.6 0.021354166666666667 0.04259259259259259
4 0.3731770833333333 0.5037037037037037 0.08489583333333334 0.37407407407407406
4 0.7427083333333333 0.5226851851851851 0.059375 0.28055555555555556
4 0.38828125 0.575462962962963 0.0328125 0.23055555555555557
