0 0.13619791666666667 0.7347222222222223 0.15052083333333333 0.06388888888888888
0 0.28203125 0.787962962962963 0.15989583333333332 0.10555555555555556
0 0.5088541666666667 0.7925925925925926 0.051041666666666666 0.12962962962962962
0 0.8739583333333333 0.7287037037037037 0.16666666666666666 0.06666666666666667
0 0.20364583333333333 0.7356481481481482 0.40729166666666666 0.15462962962962962
0 0.39921875 0.7625 0.20989583333333334 0.20462962962962963
0 0.6033854166666667 0.7675925925925926 0.15989583333333332 0.2388888888888889
0 0.8015625 0.7472222222222222 0.39375 0.15925925925925927
1 0.8091145833333333 0.6675925925925926 0.14739583333333334 0.044444444444444446
1 0.7549479166666667 0.762962962962963 0.42552083333333335 0.22407407407407406
1 0.8260416666666667 0.6925925925925925 0.340625 0.07777777777777778
2 0.33489583333333334 0.5796296296296296 0.030208333333333334 0.044444444444444446
2 0.5052083333333334 0.6092592592592593 0.028125 0.03518518518518519
2 0.41848958333333336 0.6 0.021354166666666667 0.04259259259259259
4 0.3653645833333333 0.48935185185185187 0.08489583333333334 0.375
4 0.7619791666666667 0.5180555555555556 0.059375 0.28055555555555556
4 0.37994791666666666 0.5643518518518519 0.0328125 0.23055555555555557
