0 0.07838541666666667 0.7615740740740741 0.15052083333333333 0.06388888888888888
0 0.5096354166666667 0.8305555555555556 0.049479166666666664 0.053703703703703705
0 0.9403645833333333 0.7407407407407407 0.11927083333333334 0.053703703703703705
0 0.20364583333333333 0.7513888888888889 0.40729166666666666 0.15462962962962962
0 0.3971354166666667 0.7666666666666667 0.20989583333333334 0.20555555555555555
0 0.6041666666666666 0.7652777777777777 0.15833333333333333 0.23425925925925925
0 0.7864583333333334 0.7430555555555556 0.4270833333333333 0.15462962962962962
1 0.915625 0.6638888888888889 0.13541666666666666 0.03518518518518519
1 0.7455729166666667 0.7768518518518519 0.44947916666666665 0.24259259259259258
1 0.8190104166666666 0.6884259259259259 0.3536458333333333 0.058333333333333334
2 0.31484375 0.5722222222222222 0.030729166666666665 0.044444444444444446
2 0.5052083333333334 0.6092592592592593 0.028125 0.03518518518518519
2 0.4122395833333333 0.6046296296296296 0.021354166666666667 0.04259259259259259
4 0.33255208333333336 0.475462962962963 0.1203125 0.42314814814814816
4 0.7830729166666667 0.5152777777777777 0.06302083333333333 0.31203703703703706
4 0.37994791666666666 0.5643518518518519 0.0328125 0.23055555555555557
