0 0.4109375 0.7662037037037037 0.178125 0.20833333333333334
0 0.21145833333333333 0.7282407407407407 0.42291666666666666 0.19907407407407407
0 0.60390625 0.7694444444444445 0.15572916666666667 0.22037037037037038
0 0.78671875 0.737037037037037 0.42552083333333335 0.1574074074074074
1 0.8893229166666666 0.6601851851851852 0.2203125 0.05185185185185185
1 0.7395833333333334 0.7782407407407408 0.4322916666666667 0.24537037037037038
1 0.8270833333333333 0.6995370370370371 0.32395833333333335 0.0712962962962963
2 0.2786458333333333 0.5523148148148148 0.0375 0.062037037037037036
2 0.4049479166666667 0.5990740740740741 0.027604166666666666 0.04259259259259259
2 0.50625 0.6097222222222223 0.023958333333333335 0.032407407407407406
4 0.31354166666666666 0.4537037037037037 0.13020833333333334 0.5
4 0.35911458333333335 0.5486111111111112 0.05364583333333333 0.2675925925925926
4 0.8106770833333333 0.4925925925925926 0.08072916666666667 0.3537037037037037
