0 0.21328125 0.7439814814814815 0.42239583333333336 0.20092592592592592
0 0.39453125 0.7662037037037037 0.22135416666666666 0.19907407407407407
0 0.6067708333333334 0.775 0.15416666666666667 0.2518518518518518
0 0.7838541666666666 0.7439814814814815 0.43125 0.15648148148148147
1 0.7484375 0.7643518518518518 0.434375 0.225
1 0.8346354166666666 0.7037037037037037 0.3203125 0.07222222222222222
2 0.24322916666666666 0.5310185185185186 0.03333333333333333 0.06574074074074074
2 0.39401041666666664 0.5837962962962963 0.03177083333333333 0.058333333333333334
2 0.50546875 0.6129629629629629 0.03177083333333333 0.040740740740740744
4 0.2838541666666667 0.4152777777777778 0.15625 0.5953703703703703
4 0.3533854166666667 0.5481481481481482 0.06927083333333334 0.3314814814814815
4 0.83671875 0.47962962962962963 0.07552083333333333 0.37407407407407406
