1 0.22578125 0.7560185185185185 0.42239583333333336 0.20092592592592592
1 0.39453125 0.7662037037037037 0.22135416666666666 0.19907407407407407
1 0.7635416666666667 0.7782407407407408 0.46770833333333334 0.24537037037037038
1 0.84296875 0.6888888888888889 0.2953125 0.07592592592592592
2 0.18229166666666666 0.5078703703703704 0.03333333333333333 0.06574074074074074
2 0.38671875 0.5837962962962963 0.03177083333333333 0.058333333333333334
2 0.50546875 0.6129629629629629 0.03177083333333333 0.040740740740740744
4 0.2546875 0.3685185185185185 0.165625 0.674074074074074
4 0.3377604166666667 0.5407407407407407 0.06927083333333334 0.3314814814814815
4 0.8700520833333333 0.4564814814814815 0.07552083333333333 0.37407407407407406
