1 0.21328125 0.7439814814814815 0.42239583333333336 0.20092592592592592
1 0.39453125 0.7662037037037037 0.22135416666666666 0.19907407407407407
1 0.7625 0.7652777777777777 0.4739583333333333 0.225
1 0.8598958333333333 0.7055555555555556 0.28020833333333334 0.07407407407407407
1 0.4322916666666667 0.6898148148148148 0.05520833333333333 0.04259259259259259
1 0.50703125 0.6939814814814815 0.0578125 0.04351851851851852
2 0.10911458333333333 0.4722222222222222 0.04114583333333333 0.08518518518518518
2 0.3736979166666667 0.575 0.03177083333333333 0.05740740740740741
2 0.50546875 0.6027777777777777 0.03177083333333333 0.040740740740740744
4 0.32317708333333334 0.5296296296296297 0.06927083333333334 0.3314814814814815
4 0.9010416666666666 0.42453703703703705 0.109375 0.44537037037037036
