1 0.21328125 0.7439814814814815 0.42239583333333336 0.20092592592592592
1 0.39505208333333336 0.7662037037037037 0.22135416666666666 0.19907407407407407
1 0.76953125 0.7592592592592593 0.4578125 0.2037037037037037
1 0.8809895833333333 0.7189814814814814 0.23697916666666666 0.06388888888888888
1 0.41901041666666666 0.7046296296296296 0.03802083333333333 0.04259259259259259
1 0.5104166666666666 0.7018518518518518 0.036458333333333336 0.044444444444444446
2 0.0203125 0.4111111111111111 0.040625 0.08518518518518518
2 0.3606770833333333 0.5694444444444444 0.03177083333333333 0.05740740740740741
2 0.50546875 0.6027777777777777 0.03177083333333333 0.040740740740740744
4 0.30182291666666666 0.49398148148148147 0.06927083333333334 0.33055555555555555
4 0.9388020833333334 0.40555555555555556 0.12135416666666667 0.4777777777777778
