1 0.21328125 0.7439814814814815 0.42239583333333336 0.20092592592592592
1 0.39453125 0.7662037037037037 0.22135416666666666 0.19907407407407407
1 0.7661458333333333 0.7657407407407407 0.45729166666666665 0.2037037037037037
1 0.9080729166666667 0.7203703703703703 0.1828125 0.06111111111111111
1 0.39791666666666664 0.7166666666666667 0.05520833333333333 0.04259259259259259
1 0.5135416666666667 0.7222222222222222 0.057291666666666664 0.04259259259259259
1 0.4778645833333333 0.6930555555555555 0.15260416666666668 0.041666666666666664
2 0.34401041666666665 0.5652777777777778 0.03177083333333333 0.058333333333333334
2 0.5059895833333333 0.6069444444444444 0.03177083333333333 0.03981481481481482
4 0.26927083333333335 0.4791666666666667 0.0625 0.38981481481481484
4 0.9684895833333333 0.21203703703703702 0.06197916666666667 0.18333333333333332
