1 0.21328125 0.7439814814814815 0.42239583333333336 0.20092592592592592
1 0.39453125 0.7662037037037037 0.22135416666666666 0.19907407407407407
1 0.7643229166666666 0.7560185185185185 0.46822916666666664 0.20462962962962963
1 0.8377604166666667 0.7092592592592593 0.3234375 0.08333333333333333
1 0.36875 0.7379629629629629 0.11458333333333333 0.05925925925925926
1 0.5114583333333333 0.7421296296296296 0.05520833333333333 0.0824074074074074
1 0.47239583333333335 0.6976851851851852 0.184375 0.03981481481481482
1 0.65390625 0.6939814814814815 0.0484375 0.019444444444444445
2 0.3216145833333333 0.5564814814814815 0.03177083333333333 0.05740740740740741
2 0.5059895833333333 0.6069444444444444 0.03177083333333333 0.03981481481481482
4 0.2559895833333333 0.4689814814814815 0.06614583333333333 0.4101851851851852
4 0.9700520833333334 0.0875 0.0609375 0.09537037037037037
