1 0.18255208333333334 0.7615740740740741 0.3640625 0.1527777777777778
1 0.29765625 0.7837962962962963 0.16614583333333333 0.125
1 0.39140625 0.787962962962963 0.16614583333333333 0.17962962962962964
1 0.5046875 0.7939814814814815 0.065625 0.13425925925925927
1 0.7643229166666666 0.762962962962963 0.45364583333333336 0.22037037037037038
1 0.4635416666666667 0.7064814814814815 0.22291666666666668 0.03333333333333333
1 0.6856770833333333 0.6995370370370371 0.06302083333333333 0.028703703703703703
2 0.28802083333333334 0.5402777777777777 0.042708333333333334 0.06574074074074074
2 0.50546875 0.6037037037037037 0.028645833333333332 0.03888888888888889
4 0.21510416666666668 0.4375 0.10520833333333333 0.49907407407407406
