0 0.43515625 0.7652777777777777 0.36614583333333334 0.06759259259259259
1 0.1953125 0.7583333333333333 0.3572916666666667 0.1388888888888889
1 0.39401041666666664 0.7870370370370371 0.16302083333333334 0.17222222222222222
1 0.7669270833333334 0.7861111111111111 0.4317708333333333 0.17777777777777778
1 0.7807291666666667 0.6777777777777778 0.165625 0.06666666666666667
1 0.8143229166666667 0.7356481481481482 0.11510416666666666 0.05092592592592592
1 0.56640625 0.674537037037037 0.08177083333333333 0.03796296296296296
2 0.20755208333333333 0.49583333333333335 0.0609375 0.09351851851851851
2 0.50078125 0.600925925925926 0.034895833333333334 0.044444444444444446
2 0.8119791666666667 0.49537037037037035 0.03854166666666667 0.05555555555555555
4 0.1515625 0.38842592592592595 0.09791666666666667 0.5990740740740741
