0 0.40572916666666664 0.8143518518518519 0.5447916666666667 0.1361111111111111
0 0.9192708333333334 0.7555555555555555 0.12395833333333334 0.08518518518518518
1 0.1765625 0.7615740740740741 0.34479166666666666 0.15833333333333333
1 0.4127604166666667 0.7861111111111111 0.1421875 0.18703703703703703
1 0.78203125 0.787962962962963 0.4296875 0.16111111111111112
1 0.8640625 0.6814814814814815 0.25833333333333336 0.08148148148148149
1 0.5731770833333333 0.6694444444444444 0.0921875 0.05
2 0.8424479166666666 0.487962962962963 0.019270833333333334 0.04814814814814815
2 0.14270833333333333 0.46111111111111114 0.053125 0.0962962962962963
2 0.5052083333333334 0.6032407407407407 0.025 0.03981481481481482
4 0.09921875 0.38564814814814813 0.1140625 0.7138888888888889
