1 0.19036458333333334 0.7731481481481481 0.22447916666666667 0.11851851851851852
1 0.4044270833333333 0.799537037037037 0.1203125 0.13425925925925927
1 0.584375 0.6805555555555556 0.103125 0.05
1 0.78984375 0.7935185185185185 0.4192708333333333 0.16111111111111112
1 0.8955729166666667 0.6990740740740741 0.2078125 0.053703703703703705
1 0.9145833333333333 0.6439814814814815 0.10520833333333333 0.04537037037037037
1 0.31692708333333336 0.6805555555555556 0.2109375 0.05
2 0.8677083333333333 0.47175925925925927 0.015625 0.04537037037037037
2 0.06848958333333334 0.42962962962962964 0.058854166666666666 0.11296296296296296
2 0.5013020833333334 0.6013888888888889 0.0328125 0.04351851851851852
4 0.05572916666666667 0.18009259259259258 0.11145833333333334 0.3490740740740741
