1 0.203125 0.6916666666666667 0.396875 0.08518518518518518
1 0.6078125 0.7162037037037037 0.11979166666666667 0.08425925925925926
1 0.7984375 0.7263888888888889 0.10625 0.14722222222222223
1 0.057291666666666664 0.7439814814814815 0.10625 0.16018518518518518
1 0.6919270833333333 0.737037037037037 0.09739583333333333 0.04259259259259259
2 0.18255208333333334 0.44722222222222224 0.021354166666666667 0.046296296296296294
2 0.503125 0.5777777777777777 0.035416666666666666 0.044444444444444446
2 0.20390625 0.5731481481481482 0.024479166666666666 0.04259259259259259
4 0.5359375 0.562037037037037 0.053125 0.2037037037037037
4 0.69375 0.5703703703703704 0.04479166666666667 0.19074074074074074
