1 0.15234375 0.7162037037037037 0.2953125 0.13055555555555556
1 0.64375 0.7643518518518518 0.15416666666666667 0.10648148148148148
1 0.7463541666666667 0.8013888888888889 0.06979166666666667 0.06574074074074074
1 0.8419270833333333 0.7074074074074074 0.1109375 0.10740740740740741
1 0.3046875 0.6763888888888889 0.21770833333333334 0.05462962962962963
1 0.1359375 0.6763888888888889 0.125 0.03981481481481482
2 0.14739583333333334 0.42824074074074076 0.03125 0.062037037037037036
2 0.16927083333333334 0.5717592592592593 0.03125 0.06574074074074074
2 0.5036458333333333 0.587037037037037 0.035416666666666666 0.044444444444444446
4 0.5401041666666667 0.562037037037037 0.05416666666666667 0.21481481481481482
4 0.70546875 0.575462962962963 0.0453125 0.21388888888888888
