1 0.11119791666666666 0.7462962962962963 0.2171875 0.19074074074074074
1 0.7221354166666667 0.7944444444444444 0.2234375 0.1388888888888889
1 0.60625 0.6824074074074075 0.1875 0.08148148148148149
1 0.9075520833333334 0.7060185185185185 0.0984375 0.06759259259259259
1 0.26666666666666666 0.6810185185185185 0.25416666666666665 0.09166666666666666
1 0.07317708333333334 0.6754629629629629 0.14114583333333333 0.028703703703703703
1 0.43697916666666664 0.6930555555555555 0.071875 0.049074074074074076
2 0.10520833333333333 0.40185185185185185 0.027083333333333334 0.05740740740740741
2 0.13177083333333334 0.562962962962963 0.028125 0.05740740740740741
2 0.5036458333333333 0.587037037037037 0.035416666666666666 0.044444444444444446
4 0.7872395833333333 0.5152777777777777 0.059895833333333336 0.2601851851851852
4 0.7091145833333333 0.5476851851851852 0.0453125 0.175
4 0.5479166666666667 0.5458333333333333 0.0625 0.20277777777777778
