1 0.22135416666666666 0.700462962962963 0.3072916666666667 0.11203703703703703
1 0.6325520833333333 0.7217592592592592 0.16927083333333334 0.06944444444444445
1 0.6533854166666667 0.6481481481481481 0.16927083333333334 0.04814814814814815
1 0.4473958333333333 0.7416666666666667 0.042708333333333334 0.046296296296296294
1 0.03671875 0.6754629629629629 0.0734375 0.04351851851851852
1 0.41796875 0.7125 0.0828125 0.05277777777777778
2 0.05572916666666667 0.3648148148148148 0.034375 0.07037037037037037
2 0.08333333333333333 0.5416666666666666 0.035416666666666666 0.06481481481481481
2 0.5036458333333333 0.587037037037037 0.035416666666666666 0.044444444444444446
4 0.5416666666666666 0.5527777777777778 0.06770833333333333 0.21666666666666667
4 0.7192708333333333 0.562037037037037 0.041666666666666664 0.20925925925925926
4 0.8067708333333333 0.49027777777777776 0.0625 0.30462962962962964
4 0.12942708333333333 0.4148148148148148 0.06614583333333333 0.4722222222222222
