1 0.17994791666666668 0.7203703703703703 0.3453125 0.11851851851851852
1 0.6739583333333333 0.749537037037037 0.21145833333333333 0.08055555555555556
1 0.69140625 0.6726851851851852 0.19427083333333334 0.05462962962962963
1 0.43463541666666666 0.7597222222222222 0.059895833333333336 0.12129629629629629
1 0.39375 0.7333333333333333 0.11354166666666667 0.08518518518518518
2 0.013020833333333334 0.32407407407407407 0.021875 0.06666666666666667
2 0.031510416666666666 0.5287037037037037 0.0390625 0.0962962962962963
2 0.5036458333333333 0.587037037037037 0.035416666666666666 0.044444444444444446
4 0.07864583333333333 0.38981481481481484 0.04791666666666667 0.5592592592592592
4 0.5489583333333333 0.5532407407407407 0.071875 0.2564814814814815
4 0.73828125 0.5652777777777778 0.044270833333333336 0.2212962962962963
4 0.8294270833333334 0.4773148148148148 0.0640625 0.29907407407407405
