1 0.73671875 0.7814814814814814 0.2984375 0.11851851851851852
1 0.7255208333333333 0.6648148148148149 0.265625 0.05185185185185185
1 0.15130208333333334 0.7638888888888888 0.3026041666666667 0.1111111111111111
1 0.41015625 0.7939814814814815 0.10572916666666667 0.1712962962962963
1 0.3453125 0.7537037037037037 0.18645833333333334 0.13518518518518519
2 0.5 0.5814814814814815 0.028125 0.03333333333333333
4 0.04088541666666667 0.39861111111111114 0.0671875 0.687962962962963
4 0.865625 0.45694444444444443 0.084375 0.36944444444444446
4 0.7497395833333333 0.5532407407407407 0.07447916666666667 0.2361111111111111
4 0.54765625 0.5467592592592593 0.0765625 0.2861111111111111
