1 0.7822916666666667 0.7046296296296296 0.42083333333333334 0.05
1 0.7598958333333333 0.6574074074074074 0.28958333333333336 0.02962962962962963
1 0.11901041666666666 0.7939814814814815 0.23802083333333332 0.08055555555555556
1 0.3984375 0.8226851851851852 0.09166666666666666 0.12314814814814815
1 0.28046875 0.788425925925926 0.29010416666666666 0.18611111111111112
2 0.5 0.5814814814814815 0.028125 0.03333333333333333
4 0.89453125 0.44027777777777777 0.08385416666666666 0.4101851851851852
4 0.553125 0.5259259259259259 0.07291666666666667 0.2851851851851852
4 0.5395833333333333 0.5638888888888889 0.046875 0.17222222222222222
4 0.7658854166666667 0.5148148148148148 0.0640625 0.27037037037037037
