1 0.5044270833333333 0.663425925925926 0.0890625 0.05277777777777778
1 0.675 0.7 0.22708333333333333 0.06296296296296296
1 0.8393229166666667 0.674074074074074 0.31614583333333335 0.05740740740740741
1 0.74140625 0.7935185185185185 0.4703125 0.09444444444444444
1 0.25494791666666666 0.8199074074074074 0.23802083333333332 0.14351851851851852
2 0.5 0.5722222222222222 0.028125 0.03333333333333333
4 0.8036458333333333 0.5222222222222223 0.059375 0.26296296296296295
4 0.9609375 0.36898148148148147 0.07708333333333334 0.3787037037037037
4 0.5700520833333333 0.5180555555555556 0.09010416666666667 0.32314814814814813
4 0.54609375 0.575 0.059895833333333336 0.19814814814814816
