1 0.39088541666666665 0.6833333333333333 0.2296875 0.08888888888888889
1 0.765625 0.7513888888888889 0.45625 0.225
1 0.8239583333333333 0.6666666666666666 0.3416666666666667 0.09259259259259259
1 0.44375 0.7652777777777777 0.16145833333333334 0.22314814814814815
2 0.57109375 0.5537037037037037 0.19635416666666666 0.044444444444444446
2 0.24609375 0.6203703703703703 0.0328125 0.16111111111111112
2 0.8932291666666666 0.6134259259259259 0.016666666666666666 0.07685185185185185
4 0.5966145833333333 0.4064814814814815 0.14010416666666667 0.5796296296296296
4 0.5596354166666667 0.5152777777777777 0.06197916666666667 0.2935185185185185
4 0.96875 0.35555555555555557 0.053125 0.3037037037037037
