0 0.3734375 0.6814814814814815 0.07291666666666667 0.027777777777777776
1 0.25625 0.7532407407407408 0.5083333333333333 0.22870370370370371
1 0.60625 0.7560185185185185 0.153125 0.22314814814814815
1 0.8270833333333333 0.6976851851851852 0.34270833333333334 0.08981481481481482
1 0.43046875 0.7564814814814815 0.17864583333333334 0.22777777777777777
1 0.25286458333333334 0.6828703703703703 0.5046875 0.10833333333333334
2 0.57109375 0.4101851851851852 0.8390625 0.5388888888888889
4 0.33619791666666665 0.45231481481481484 0.08802083333333334 0.4009259259259259
4 0.44505208333333335 0.5430555555555555 0.03177083333333333 0.175
4 0.6640625 0.5407407407407407 0.051041666666666666 0.2037037037037037
