0 0.3533854166666667 0.6907407407407408 0.07864583333333333 0.020370370370370372
1 0.25755208333333335 0.7333333333333333 0.5151041666666667 0.17777777777777778
1 0.60390625 0.7541666666666667 0.16822916666666668 0.23055555555555557
1 0.8122395833333333 0.7018518518518518 0.3723958333333333 0.09814814814814815
1 0.25807291666666665 0.7314814814814815 0.4890625 0.18518518518518517
1 0.46510416666666665 0.7138888888888889 0.11770833333333333 0.14074074074074075
2 0.53671875 0.3611111111111111 0.9213541666666667 0.7
4 0.31484375 0.39305555555555555 0.0859375 0.3824074074074074
4 0.43697916666666664 0.5263888888888889 0.036458333333333336 0.1712962962962963
4 0.6690104166666667 0.5537037037037037 0.05677083333333333 0.18888888888888888
4 0.8580729166666666 0.46296296296296297 0.0796875 0.37407407407407406
