0 0.32838541666666665 0.7013888888888888 0.07864583333333333 0.032407407407407406
1 0.2596354166666667 0.7541666666666667 0.5130208333333334 0.22685185185185186
1 0.6005208333333333 0.7467592592592592 0.159375 0.23796296296296296
1 0.82265625 0.6828703703703703 0.3203125 0.07685185185185185
1 0.425 0.7560185185185185 0.171875 0.21944444444444444
1 0.30911458333333336 0.7162037037037037 0.37447916666666664 0.15648148148148147
2 0.8807291666666667 0.15694444444444444 0.23645833333333333 0.30648148148148147
4 0.28046875 0.3435185185185185 0.12447916666666667 0.48148148148148145
4 0.43385416666666665 0.5175925925925926 0.04583333333333333 0.1925925925925926
4 0.6799479166666667 0.5666666666666667 0.0484375 0.2111111111111111
4 0.8908854166666667 0.44675925925925924 0.09322916666666667 0.4305555555555556
