0 0.31171875 0.7023148148148148 0.04635416666666667 0.028703703703703703
1 0.25859375 0.7509259259259259 0.5151041666666667 0.22592592592592592
1 0.6044270833333333 0.75 0.1609375 0.22777777777777777
1 0.821875 0.7018518518518518 0.346875 0.11481481481481481
1 0.425 0.7671296296296296 0.18229166666666666 0.22314814814814815
1 0.2515625 0.6837962962962963 0.496875 0.10092592592592593
4 0.2234375 0.3490740740740741 0.14583333333333334 0.65
4 0.42291666666666666 0.5027777777777778 0.04895833333333333 0.19074074074074074
4 0.6888020833333334 0.5407407407407407 0.050520833333333334 0.22777777777777777
4 0.9341145833333333 0.42592592592592593 0.09739583333333333 0.4925925925925926
