0 0.18307291666666667 0.7296296296296296 0.20052083333333334 0.03888888888888889
1 0.2546875 0.7180555555555556 0.509375 0.15462962962962962
1 0.60390625 0.7541666666666667 0.15989583333333332 0.23055555555555557
1 0.8421875 0.700925925925926 0.3125 0.0962962962962963
1 0.4544270833333333 0.7277777777777777 0.11822916666666666 0.16111111111111112
1 0.3619791666666667 0.7023148148148148 0.2791666666666667 0.13796296296296295
4 0.4166666666666667 0.48055555555555557 0.036458333333333336 0.15555555555555556
4 0.4765625 0.5777777777777777 0.03125 0.1425925925925926
4 0.6067708333333334 0.5518518518518518 0.042708333333333334 0.1
4 0.6927083333333334 0.5388888888888889 0.06145833333333333 0.25925925925925924
4 0.9705729166666667 0.2199074074074074 0.0578125 0.23055555555555557
