0 0.09921875 0.7412037037037037 0.19739583333333333 0.03425925925925926
1 0.25625 0.75 0.5083333333333333 0.2351851851851852
1 0.61171875 0.7490740740740741 0.1890625 0.23333333333333334
1 0.871875 0.7111111111111111 0.24895833333333334 0.07222222222222222
1 0.4200520833333333 0.763425925925926 0.17760416666666667 0.2324074074074074
1 0.25052083333333336 0.6782407407407407 0.4979166666666667 0.10833333333333334
4 0.4049479166666667 0.46620370370370373 0.0453125 0.14722222222222223
4 0.46953125 0.5476851851851852 0.028645833333333332 0.10462962962962963
4 0.60625 0.575925925925926 0.03958333333333333 0.1574074074074074
4 0.71484375 0.5430555555555555 0.06927083333333334 0.2916666666666667
