1 0.25234375 0.750462962962963 0.5046875 0.2361111111111111
1 0.6864583333333333 0.7587962962962963 0.23229166666666667 0.2101851851851852
1 0.8072916666666666 0.7018518518518518 0.3802083333333333 0.1111111111111111
1 0.40546875 0.7699074074074074 0.1921875 0.24722222222222223
1 0.571875 0.7375 0.10520833333333333 0.17314814814814813
1 0.23984375 0.6939814814814815 0.4796875 0.09351851851851851
4 0.36171875 0.48333333333333334 0.06927083333333334 0.36666666666666664
4 0.45546875 0.5467592592592593 0.030729166666666665 0.15092592592592594
4 0.6236979166666666 0.5578703703703703 0.0546875 0.17314814814814813
4 0.77890625 0.5013888888888889 0.06614583333333333 0.36574074074074076
