1 0.25416666666666665 0.7226851851851852 0.49270833333333336 0.17685185185185184
1 0.7020833333333333 0.7625 0.26666666666666666 0.20277777777777778
1 0.8098958333333334 0.6981481481481482 0.37916666666666665 0.09074074074074075
1 0.5940104166666667 0.7648148148148148 0.1578125 0.22777777777777777
1 0.4557291666666667 0.7101851851851851 0.09270833333333334 0.13518518518518519
1 0.2981770833333333 0.6856481481481481 0.3484375 0.0787037037037037
4 0.33671875 0.3912037037037037 0.0828125 0.2898148148148148
4 0.45677083333333335 0.5550925925925926 0.04479166666666667 0.20833333333333334
4 0.6322916666666667 0.5532407407407407 0.04895833333333333 0.19537037037037036
4 0.8138020833333334 0.49537037037037035 0.08177083333333333 0.3907407407407407
