1 0.2903645833333333 0.737037037037037 0.41822916666666665 0.19814814814814816
1 0.725 0.762962962962963 0.29375 0.18518518518518517
1 0.8109375 0.7027777777777777 0.375 0.11666666666666667
1 0.4231770833333333 0.7513888888888889 0.1578125 0.19907407407407407
1 0.5598958333333334 0.7157407407407408 0.06770833333333333 0.11296296296296296
1 0.2703125 0.6898148148148148 0.378125 0.09444444444444444
3 0.27760416666666665 0.6023148148148149 0.014583333333333334 0.09722222222222222
4 0.3078125 0.42268518518518516 0.096875 0.45092592592592595
4 0.44088541666666664 0.5254629629629629 0.044270833333333336 0.20462962962962963
4 0.64140625 0.5476851851851852 0.044270833333333336 0.17685185185185184
4 0.8341145833333333 0.44675925925925924 0.09947916666666666 0.4064814814814815
