1 0.25 0.7532407407407408 0.4979166666666667 0.24537037037037038
1 0.7494791666666667 0.7597222222222222 0.31875 0.19166666666666668
1 0.8268229166666666 0.6986111111111111 0.3453125 0.09722222222222222
1 0.4049479166666667 0.7675925925925926 0.19114583333333332 0.23333333333333334
1 0.5830729166666667 0.750462962962963 0.10677083333333333 0.17314814814814813
1 0.24036458333333333 0.6875 0.45364583333333336 0.08611111111111111
2 0.5825520833333333 0.5921296296296297 0.044270833333333336 0.13240740740740742
3 0.23489583333333333 0.6055555555555555 0.021875 0.1388888888888889
4 0.2526041666666667 0.38842592592592595 0.14270833333333333 0.5916666666666667
4 0.44140625 0.5416666666666666 0.04739583333333333 0.23148148148148148
4 0.64453125 0.5254629629629629 0.044270833333333336 0.18055555555555555
4 0.8783854166666667 0.4263888888888889 0.12447916666666667 0.47314814814814815
