0 0.3536458333333333 0.6888888888888889 0.06875 0.022222222222222223
1 0.24895833333333334 0.7393518518518518 0.4979166666666667 0.2212962962962963
1 0.7747395833333334 0.7638888888888888 0.34010416666666665 0.1925925925925926
1 0.83046875 0.6986111111111111 0.3359375 0.10462962962962963
1 0.5979166666666667 0.775 0.13645833333333332 0.20925925925925926
1 0.4471354166666667 0.7217592592592592 0.10885416666666667 0.15833333333333333
1 0.234375 0.6967592592592593 0.45729166666666665 0.09907407407407408
2 0.5903645833333333 0.5930555555555556 0.044270833333333336 0.15833333333333333
3 0.17317708333333334 0.5953703703703703 0.03177083333333333 0.1425925925925926
4 0.20546875 0.35324074074074074 0.1640625 0.6416666666666667
4 0.43802083333333336 0.5328703703703703 0.040625 0.24166666666666667
4 0.65703125 0.5037037037037037 0.04635416666666667 0.16111111111111112
4 0.92421875 0.37175925925925923 0.11197916666666667 0.5287037037037037
