0 0.31692708333333336 0.7 0.08489583333333334 0.020370370370370372
1 0.25052083333333336 0.7490740740740741 0.49270833333333336 0.24259259259259258
1 0.8013020833333333 0.7597222222222222 0.34739583333333335 0.15092592592592594
1 0.8416666666666667 0.7069444444444445 0.315625 0.09722222222222222
1 0.5736979166666667 0.7462962962962963 0.05364583333333333 0.1037037037037037
1 0.40963541666666664 0.7680555555555556 0.18489583333333334 0.24722222222222223
1 0.23958333333333334 0.6912037037037037 0.4666666666666667 0.09722222222222222
2 0.5919270833333333 0.5907407407407408 0.0515625 0.15925925925925927
3 0.09088541666666666 0.575462962962963 0.030729166666666665 0.19722222222222222
4 0.43411458333333336 0.5319444444444444 0.05364583333333333 0.2657407407407407
4 0.66953125 0.48333333333333334 0.05364583333333333 0.1685185185185185
4 0.965625 0.14814814814814814 0.05416666666666667 0.21481481481481482
