0 0.26640625 0.7152777777777778 0.12760416666666666 0.03425925925925926
1 0.2484375 0.7550925925925925 0.48854166666666665 0.24166666666666667
1 0.8247395833333333 0.7601851851851852 0.32447916666666665 0.1425925925925926
1 0.8346354166666666 0.6930555555555555 0.17864583333333334 0.03981481481481482
1 0.61015625 0.7986111111111112 0.10677083333333333 0.1712962962962963
1 0.40703125 0.7587962962962963 0.18489583333333334 0.2324074074074074
1 0.6260416666666667 0.6657407407407407 0.09895833333333333 0.02962962962962963
1 0.5471354166666667 0.6574074074074074 0.09635416666666667 0.05925925925925926
1 0.22838541666666667 0.6986111111111111 0.4390625 0.09166666666666666
2 0.5940104166666667 0.5777777777777777 0.050520833333333334 0.1574074074074074
4 0.42994791666666665 0.5013888888888889 0.043229166666666666 0.2824074074074074
4 0.6861979166666666 0.46944444444444444 0.058854166666666666 0.20555555555555555
