0 0.18802083333333333 0.7337962962962963 0.18958333333333333 0.03981481481481482
1 0.24791666666666667 0.7157407407407408 0.49375 0.16666666666666666
1 0.8385416666666666 0.7902777777777777 0.30416666666666664 0.15833333333333333
1 0.8739583333333333 0.6944444444444444 0.22916666666666666 0.09444444444444444
1 0.43776041666666665 0.7342592592592593 0.12239583333333333 0.16111111111111112
1 0.6171875 0.8050925925925926 0.11041666666666666 0.1638888888888889
1 0.6666666666666666 0.6694444444444444 0.14583333333333334 0.040740740740740744
1 0.22786458333333334 0.6921296296296297 0.4359375 0.08611111111111111
2 0.6 0.5837962962962963 0.05 0.16944444444444445
4 0.41692708333333334 0.462037037037037 0.0578125 0.25555555555555554
4 0.7114583333333333 0.5074074074074074 0.071875 0.3055555555555556
