0 0.10052083333333334 0.7527777777777778 0.19479166666666667 0.03518518518518519
1 0.24947916666666667 0.7541666666666667 0.490625 0.2324074074074074
1 0.6263020833333334 0.8152777777777778 0.09322916666666667 0.1287037037037037
1 0.9317708333333333 0.7111111111111111 0.13541666666666666 0.09074074074074075
1 0.8856770833333333 0.774074074074074 0.2203125 0.10185185185185185
1 0.6747395833333333 0.6671296296296296 0.13177083333333334 0.03981481481481482
1 0.4083333333333333 0.763425925925926 0.18645833333333334 0.23796296296296296
1 0.5614583333333333 0.6643518518518519 0.10833333333333334 0.06018518518518518
1 0.21875 0.7018518518518518 0.43125 0.09814814814814815
2 0.6041666666666666 0.5685185185185185 0.05520833333333333 0.17962962962962964
4 0.4010416666666667 0.4875 0.08020833333333334 0.35462962962962963
4 0.7294270833333333 0.5097222222222222 0.06927083333333334 0.3101851851851852
