0 0.023177083333333334 0.7791666666666667 0.04635416666666667 0.028703703703703703
1 0.24453125 0.7532407407407408 0.4890625 0.2657407407407407
1 0.8598958333333333 0.750462962962963 0.27291666666666664 0.12685185185185185
1 0.69375 0.6768518518518518 0.16145833333333334 0.03518518518518519
1 0.5705729166666667 0.6736111111111112 0.14010416666666667 0.06388888888888888
1 0.45390625 0.7166666666666667 0.0828125 0.11666666666666667
1 0.22005208333333334 0.7092592592592593 0.42864583333333334 0.09444444444444444
2 0.6096354166666667 0.5768518518518518 0.049479166666666664 0.20185185185185187
4 0.3859375 0.42592592592592593 0.07916666666666666 0.3314814814814815
4 0.7614583333333333 0.4791666666666667 0.09375 0.3509259259259259
