1 0.2713541666666667 0.725925925925926 0.3770833333333333 0.17592592592592593
1 0.40234375 0.7546296296296297 0.15572916666666667 0.24074074074074073
1 0.7841145833333333 0.7055555555555556 0.4265625 0.11666666666666667
1 0.7963541666666667 0.6731481481481482 0.40520833333333334 0.05185185185185185
1 0.5111979166666667 0.6583333333333333 0.05677083333333333 0.053703703703703705
1 0.5932291666666667 0.7518518518518519 0.18020833333333333 0.23148148148148148
1 0.13020833333333334 0.7546296296296297 0.24583333333333332 0.07777777777777778
2 0.7278645833333334 0.5097222222222222 0.12552083333333333 0.3731481481481482
2 0.41796875 0.5944444444444444 0.016145833333333335 0.02962962962962963
4 0.6747395833333333 0.5462962962962963 0.0640625 0.3
4 0.434375 0.5277777777777778 0.058333333333333334 0.28888888888888886
