1 0.22994791666666667 0.7337962962962963 0.45989583333333334 0.19166666666666668
1 0.40572916666666664 0.7546296296296297 0.14895833333333333 0.24074074074074073
1 0.7861979166666667 0.7125 0.42552083333333335 0.1361111111111111
1 0.7979166666666667 0.675 0.40520833333333334 0.05185185185185185
1 0.5979166666666667 0.7532407407407408 0.18958333333333333 0.23425925925925925
1 0.5166666666666667 0.663425925925926 0.06770833333333333 0.06388888888888888
1 0.08385416666666666 0.7712962962962963 0.15729166666666666 0.08148148148148149
2 0.765625 0.4787037037037037 0.14166666666666666 0.4166666666666667
2 0.40989583333333335 0.5888888888888889 0.013541666666666667 0.024074074074074074
4 0.6890625 0.5421296296296296 0.06354166666666666 0.30092592592592593
4 0.43072916666666666 0.524074074074074 0.058333333333333334 0.28888888888888886
