1 0.22994791666666667 0.7337962962962963 0.45989583333333334 0.19166666666666668
1 0.4348958333333333 0.7152777777777778 0.090625 0.16203703703703703
1 0.7875 0.711574074074074 0.425 0.1361111111111111
1 0.79765625 0.675 0.4046875 0.05185185185185185
1 0.60703125 0.75 0.20572916666666666 0.2388888888888889
1 0.5166666666666667 0.663425925925926 0.06770833333333333 0.06388888888888888
2 0.80703125 0.45185185185185184 0.1484375 0.4722222222222222
2 0.3924479166666667 0.5763888888888888 0.033854166666666664 0.049074074074074076
2 0.4505208333333333 0.5949074074074074 0.029166666666666667 0.09351851851851851
4 0.7143229166666667 0.5305555555555556 0.0640625 0.3
4 0.42109375 0.5023148148148148 0.06510416666666667 0.32685185185185184
4 0.5622395833333333 0.5824074074074074 0.033854166666666664 0.16296296296296298
4 0.45026041666666666 0.5541666666666667 0.0328125 0.1712962962962963
