1 0.22994791666666667 0.7337962962962963 0.45989583333333334 0.19166666666666668
1 0.4080729166666667 0.7550925925925925 0.14427083333333332 0.24166666666666667
1 0.77734375 0.7143518518518519 0.4453125 0.13055555555555556
1 0.79765625 0.675 0.4046875 0.05185185185185185
1 0.6072916666666667 0.75 0.20625 0.2388888888888889
1 0.5268229166666667 0.6800925925925926 0.08802083333333334 0.09722222222222222
1 0.490625 0.6486111111111111 0.017708333333333333 0.03611111111111111
1 0.51875 0.6513888888888889 0.03854166666666667 0.030555555555555555
1 0.46145833333333336 0.6523148148148148 0.023958333333333335 0.026851851851851852
2 0.84609375 0.39537037037037037 0.17239583333333333 0.5407407407407407
2 0.37734375 0.5782407407407407 0.04010416666666667 0.05462962962962963
2 0.44609375 0.5935185185185186 0.03697916666666667 0.0962962962962963
2 0.8653645833333333 0.6106481481481482 0.03177083333333333 0.14907407407407408
4 0.7328125 0.4976851851851852 0.06458333333333334 0.30462962962962964
4 0.40859375 0.4671296296296296 0.07239583333333334 0.3490740740740741
4 0.5705729166666667 0.5856481481481481 0.033854166666666664 0.16203703703703703
4 0.44817708333333334 0.5462962962962963 0.03697916666666667 0.19074074074074074
