1 0.22994791666666667 0.7337962962962963 0.45989583333333334 0.19166666666666668
1 0.4080729166666667 0.7550925925925925 0.14427083333333332 0.24166666666666667
1 0.77734375 0.7143518518518519 0.4453125 0.13055555555555556
1 0.79765625 0.675 0.4046875 0.05185185185185185
1 0.60703125 0.75 0.20572916666666666 0.2388888888888889
1 0.5380208333333333 0.6925925925925925 0.11041666666666666 0.12222222222222222
1 0.490625 0.6486111111111111 0.017708333333333333 0.03611111111111111
1 0.51875 0.6513888888888889 0.03854166666666667 0.030555555555555555
1 0.46145833333333336 0.6523148148148148 0.023958333333333335 0.026851851851851852
2 0.9083333333333333 0.38101851851851853 0.18333333333333332 0.6972222222222222
2 0.36223958333333334 0.5615740740740741 0.04010416666666667 0.05277777777777778
2 0.44192708333333336 0.5907407407407408 0.04010416666666667 0.12222222222222222
2 0.928125 0.6675925925925926 0.04791666666666667 0.2851851851851852
4 0.7565104166666666 0.4837962962962963 0.08385416666666666 0.35462962962962963
4 0.5716145833333334 0.5828703703703704 0.033854166666666664 0.16203703703703703
4 0.44609375 0.5462962962962963 0.03697916666666667 0.19074074074074074
4 0.3963541666666667 0.4671296296296296 0.084375 0.3972222222222222
