1 0.22994791666666667 0.7337962962962963 0.45989583333333334 0.19166666666666668
1 0.43255208333333334 0.7287037037037037 0.0953125 0.18888888888888888
1 0.77734375 0.7143518518518519 0.4453125 0.13055555555555556
1 0.79765625 0.675 0.4046875 0.05185185185185185
1 0.63203125 0.7462962962962963 0.2557291666666667 0.23148148148148148
1 0.559375 0.7199074074074074 0.153125 0.17685185185185184
1 0.490625 0.6486111111111111 0.017708333333333333 0.03611111111111111
1 0.51875 0.6513888888888889 0.03854166666666667 0.030555555555555555
1 0.46145833333333336 0.6523148148148148 0.023958333333333335 0.026851851851851852
2 0.33098958333333334 0.5509259259259259 0.044270833333333336 0.06296296296296296
2 0.4388020833333333 0.5824074074074074 0.04010416666666667 0.12222222222222222
2 0.9541666666666667 0.07037037037037037 0.090625 0.13333333333333333
4 0.7822916666666667 0.4837962962962963 0.10208333333333333 0.425
4 0.5736979166666667 0.5722222222222222 0.03697916666666667 0.17037037037037037
4 0.44453125 0.5435185185185185 0.03697916666666667 0.19074074074074074
4 0.3828125 0.42685185185185187 0.09895833333333333 0.49074074074074076
