1 0.22994791666666667 0.7337962962962963 0.45989583333333334 0.19166666666666668
1 0.40677083333333336 0.7546296296296297 0.146875 0.24074074074074073
1 0.77734375 0.7143518518518519 0.4453125 0.13055555555555556
1 0.79765625 0.675 0.4046875 0.05185185185185185
1 0.63203125 0.7462962962962963 0.2557291666666667 0.23148148148148148
1 0.5861979166666667 0.7472222222222222 0.20677083333333332 0.23148148148148148
1 0.49166666666666664 0.6620370370370371 0.019791666666666666 0.06296296296296296
1 0.5263020833333333 0.6569444444444444 0.05364583333333333 0.041666666666666664
1 0.45286458333333335 0.6648148148148149 0.04114583333333333 0.05185185185185185
2 0.30234375 0.5287037037037037 0.0578125 0.08333333333333333
2 0.43671875 0.5708333333333333 0.04010416666666667 0.12129629629629629
4 0.8291666666666667 0.4064814814814815 0.12604166666666666 0.5037037037037037
4 0.5794270833333334 0.5532407407407407 0.033854166666666664 0.16203703703703703
4 0.44114583333333335 0.5236111111111111 0.051041666666666666 0.20462962962962963
4 0.35598958333333336 0.3939814814814815 0.12864583333333332 0.5990740740740741
