1 0.22994791666666667 0.7337962962962963 0.45989583333333334 0.19166666666666668
1 0.45234375 0.7041666666666667 0.0640625 0.125
1 0.77734375 0.7152777777777778 0.4453125 0.13055555555555556
1 0.6572916666666667 0.7476851851851852 0.30625 0.23425925925925925
1 0.5403645833333334 0.6949074074074074 0.11510416666666666 0.12685185185185185
1 0.49322916666666666 0.6671296296296296 0.022916666666666665 0.07314814814814814
1 0.5325520833333334 0.6643518518518519 0.06614583333333333 0.05648148148148148
1 0.4473958333333333 0.6671296296296296 0.052083333333333336 0.05648148148148148
2 0.42473958333333334 0.5731481481481482 0.0578125 0.14814814814814814
3 0.25494791666666666 0.4949074074074074 0.0578125 0.0824074074074074
4 0.8875 0.4 0.12604166666666666 0.5037037037037037
4 0.5901041666666667 0.5541666666666667 0.041666666666666664 0.1638888888888889
4 0.4315104166666667 0.55 0.05677083333333333 0.26481481481481484
4 0.32395833333333335 0.3625 0.15625 0.6842592592592592
