1 0.22994791666666667 0.7337962962962963 0.45989583333333334 0.19166666666666668
1 0.42994791666666665 0.7393518518518518 0.10885416666666667 0.19537037037037036
1 0.77734375 0.7152777777777778 0.4453125 0.13055555555555556
1 0.6635416666666667 0.7476851851851852 0.31875 0.23425925925925925
1 0.565625 0.7240740740740741 0.165625 0.18518518518518517
1 0.49322916666666666 0.6671296296296296 0.022916666666666665 0.07314814814814814
1 0.5361979166666667 0.6685185185185185 0.0734375 0.06481481481481481
1 0.4473958333333333 0.6671296296296296 0.052083333333333336 0.05648148148148148
2 0.42473958333333334 0.5731481481481482 0.0578125 0.14814814814814814
3 0.17161458333333332 0.4444444444444444 0.0796875 0.12222222222222222
4 0.9182291666666667 0.36018518518518516 0.13125 0.6074074074074074
4 0.5986979166666667 0.5527777777777778 0.04114583333333333 0.1814814814814815
4 0.42630208333333336 0.5212962962962963 0.0640625 0.32222222222222224
