1 0.22994791666666667 0.7337962962962963 0.45989583333333334 0.19166666666666668
1 0.41380208333333335 0.7601851851851852 0.14114583333333333 0.23703703703703705
1 0.9190104166666667 0.7083333333333334 0.15885416666666666 0.06111111111111111
1 0.7966145833333333 0.6648148148148149 0.40572916666666664 0.05925925925925926
1 0.5953125 0.762962962962963 0.20104166666666667 0.23703703703703705
1 0.49505208333333334 0.6574074074074074 0.011979166666666667 0.027777777777777776
1 0.45390625 0.6592592592592592 0.016145833333333335 0.024074074074074074
1 0.41432291666666665 0.6902777777777778 0.030729166666666665 0.026851851851851852
1 0.49661458333333336 0.6902777777777778 0.011979166666666667 0.026851851851851852
1 0.57421875 0.6851851851851852 0.0296875 0.037037037037037035
1 0.5330729166666667 0.6615740740740741 0.0109375 0.019444444444444445
1 0.6705729166666666 0.6754629629629629 0.23697916666666666 0.05092592592592592
1 0.7270833333333333 0.7560185185185185 0.3697916666666667 0.19907407407407407
3 0.06067708333333333 0.3574074074074074 0.0796875 0.12222222222222222
3 0.41302083333333334 0.5708333333333333 0.065625 0.19722222222222222
4 0.934375 0.15833333333333333 0.13020833333333334 0.31296296296296294
4 0.6044270833333333 0.5425925925925926 0.04114583333333333 0.1814814814814815
4 0.42630208333333336 0.5212962962962963 0.0640625 0.32222222222222224
