1 0.22994791666666667 0.7337962962962963 0.45989583333333334 0.19166666666666668
1 0.45 0.7046296296296296 0.06875 0.1259259259259259
1 0.7828125 0.6814814814814815 0.434375 0.06851851851851852
1 0.7645833333333333 0.7680555555555556 0.4635416666666667 0.24722222222222223
1 0.5341145833333333 0.6935185185185185 0.10260416666666666 0.12407407407407407
1 0.49505208333333334 0.6638888888888889 0.011979166666666667 0.027777777777777776
1 0.45390625 0.6592592592592592 0.016145833333333335 0.024074074074074074
1 0.39947916666666666 0.6986111111111111 0.06041666666666667 0.04351851851851852
1 0.4953125 0.7037037037037037 0.014583333333333334 0.053703703703703705
1 0.5877604166666667 0.700462962962963 0.0296875 0.03611111111111111
1 0.5330729166666667 0.6615740740740741 0.0109375 0.019444444444444445
3 0.40546875 0.5587962962962963 0.08072916666666667 0.2212962962962963
4 0.6182291666666667 0.5481481481481482 0.04583333333333333 0.22037037037037038
4 0.41302083333333334 0.48703703703703705 0.06875 0.3537037037037037
4 0.4591145833333333 0.5685185185185185 0.028645833333333332 0.17407407407407408
