1 0.22994791666666667 0.7337962962962963 0.45989583333333334 0.19166666666666668
1 0.4234375 0.7305555555555555 0.121875 0.17777777777777778
1 0.7234375 0.6620370370370371 0.4166666666666667 0.12037037037037036
1 0.55390625 0.725462962962963 0.1421875 0.18796296296296297
1 0.49505208333333334 0.6638888888888889 0.011979166666666667 0.027777777777777776
1 0.4484375 0.663425925925926 0.016666666666666666 0.023148148148148147
1 0.375 0.7171296296296297 0.06041666666666667 0.04351851851851852
1 0.4979166666666667 0.7328703703703704 0.022916666666666665 0.062037037037037036
1 0.5427083333333333 0.6689814814814815 0.017708333333333333 0.026851851851851852
1 0.7692708333333333 0.7490740740740741 0.4625 0.2
1 0.61640625 0.7171296296296297 0.0453125 0.04351851851851852
3 0.39479166666666665 0.5574074074074075 0.08541666666666667 0.25555555555555554
4 0.6208333333333333 0.5314814814814814 0.04583333333333333 0.22037037037037038
4 0.5619791666666667 0.5851851851851851 0.029166666666666667 0.12222222222222222
4 0.41302083333333334 0.48703703703703705 0.06875 0.3537037037037037
4 0.4591145833333333 0.5685185185185185 0.028645833333333332 0.17407407407407408
