1 0.22994791666666667 0.7337962962962963 0.45989583333333334 0.19166666666666668
1 0.3984375 0.7532407407407408 0.171875 0.22314814814814815
1 0.7747395833333334 0.6935185185185185 0.4401041666666667 0.08703703703703704
1 0.7572916666666667 0.7462962962962963 0.48541666666666666 0.22037037037037038
1 0.5734375 0.7518518518518519 0.18125 0.24074074074074073
1 0.496875 0.6699074074074074 0.015625 0.03981481481481482
1 0.44427083333333334 0.675 0.016666666666666666 0.024074074074074074
1 0.328125 0.7476851851851852 0.10104166666666667 0.06574074074074074
1 0.49765625 0.7550925925925925 0.0234375 0.10648148148148148
1 0.5497395833333333 0.6717592592592593 0.0171875 0.026851851851851852
1 0.6619791666666667 0.7476851851851852 0.08229166666666667 0.0712962962962963
3 0.36744791666666665 0.5407407407407407 0.09427083333333333 0.3055555555555556
4 0.6385416666666667 0.5273148148148148 0.0625 0.25462962962962965
4 0.5661458333333333 0.5833333333333334 0.029166666666666667 0.12222222222222222
4 0.3927083333333333 0.4634259259259259 0.08645833333333333 0.47129629629629627
4 0.4583333333333333 0.5574074074074075 0.028125 0.17407407407407408
