0 0.396875 0.7671296296296296 0.16875 0.19537037037037036
0 0.5924479166666666 0.7689814814814815 0.14322916666666666 0.2064814814814815
1 0.21953125 0.7412037037037037 0.4390625 0.17685185185185184
1 0.7770833333333333 0.6782407407407407 0.44479166666666664 0.05648148148148148
1 0.746875 0.7407407407407407 0.48541666666666666 0.22037037037037038
1 0.496875 0.6699074074074074 0.015625 0.03981481481481482
1 0.4388020833333333 0.6763888888888889 0.027604166666666666 0.026851851851851852
1 0.23958333333333334 0.7981481481481482 0.18125 0.11666666666666667
1 0.48984375 0.8148148148148148 0.0390625 0.10185185185185185
1 0.5497395833333333 0.6717592592592593 0.0171875 0.026851851851851852
1 0.72265625 0.6916666666666667 0.3380208333333333 0.08888888888888889
1 0.7528645833333333 0.7986111111111112 0.17447916666666666 0.11203703703703703
3 0.34140625 0.5185185185185185 0.1328125 0.3648148148148148
4 0.6505208333333333 0.5120370370370371 0.0625 0.2537037037037037
4 0.5802083333333333 0.5805555555555556 0.029166666666666667 0.12222222222222222
4 0.37604166666666666 0.42962962962962964 0.11979166666666667 0.5388888888888889
4 0.4583333333333333 0.5574074074074075 0.028125 0.17407407407407408
