0 0.396875 0.7699074074074074 0.16875 0.18981481481481483
0 0.59140625 0.7712962962962963 0.1453125 0.2037037037037037
1 0.21614583333333334 0.7481481481481481 0.4322916666666667 0.16296296296296298
1 0.8075520833333333 0.6930555555555555 0.38385416666666666 0.09351851851851851
1 0.77265625 0.7592592592592593 0.4546875 0.18703703703703703
1 0.50234375 0.6837962962962963 0.016145833333333335 0.03981481481481482
1 0.43255208333333334 0.6800925925925926 0.027604166666666666 0.026851851851851852
1 0.178125 0.8282407407407407 0.12291666666666666 0.062037037037037036
1 0.5671875 0.6800925925925926 0.017708333333333333 0.026851851851851852
1 0.8270833333333333 0.8300925925925926 0.09583333333333334 0.049074074074074076
3 0.296875 0.49907407407407406 0.15729166666666666 0.45555555555555555
4 0.66796875 0.5125 0.06614583333333333 0.30277777777777776
4 0.5841145833333333 0.5777777777777777 0.0296875 0.12222222222222222
4 0.3458333333333333 0.399537037037037 0.13645833333333332 0.6268518518518519
4 0.4552083333333333 0.5430555555555555 0.03958333333333333 0.18981481481481483
