0 0.3932291666666667 0.7694444444444445 0.16145833333333334 0.19074074074074074
0 0.5966145833333333 0.775 0.13489583333333333 0.1962962962962963
1 0.2109375 0.7490740740740741 0.421875 0.16111111111111112
1 0.8372395833333334 0.6949074074074074 0.3223958333333333 0.08425925925925926
1 0.7932291666666667 0.7509259259259259 0.4125 0.16111111111111112
1 0.50234375 0.6837962962962963 0.016145833333333335 0.03981481481481482
1 0.421875 0.6907407407407408 0.042708333333333334 0.037037037037037035
1 0.5786458333333333 0.6865740740740741 0.03229166666666667 0.03611111111111111
1 0.5263020833333333 0.6481481481481481 0.10572916666666667 0.05925925925925926
3 0.21640625 0.42592592592592593 0.19947916666666668 0.6203703703703703
4 0.68828125 0.49074074074074076 0.0828125 0.32407407407407407
4 0.29296875 0.3578703703703704 0.18072916666666666 0.7157407407407408
4 0.4552083333333333 0.5430555555555555 0.03958333333333333 0.18981481481481483
