0 0.390625 0.774537037037037 0.15625 0.18055555555555555
0 0.5986979166666667 0.7814814814814814 0.13072916666666667 0.18333333333333332
1 0.20729166666666668 0.7467592592592592 0.41458333333333336 0.16574074074074074
1 0.8 0.7560185185185185 0.39895833333333336 0.15648148148148147
1 0.50078125 0.7064814814814815 0.016145833333333335 0.03888888888888889
1 0.403125 0.7023148148148148 0.042708333333333334 0.03611111111111111
1 0.5942708333333333 0.7018518518518518 0.03229166666666667 0.037037037037037035
1 0.5010416666666667 0.6800925925925926 0.228125 0.026851851851851852
1 0.8278645833333333 0.6967592592592593 0.3453125 0.075
1 0.53984375 0.6467592592592593 0.11822916666666666 0.041666666666666664
3 0.11510416666666666 0.37175925925925923 0.23125 0.7453703703703703
4 0.7158854166666667 0.47129629629629627 0.09114583333333333 0.37222222222222223
4 0.5924479166666666 0.5703703703703704 0.03177083333333333 0.16296296296296298
4 0.45234375 0.5398148148148149 0.0453125 0.19814814814814816
