0 0.5994791666666667 0.7842592592592592 0.12916666666666668 0.17777777777777778
1 0.20104166666666667 0.7532407407407408 0.3958333333333333 0.15833333333333333
1 0.38958333333333334 0.7805555555555556 0.15416666666666667 0.1685185185185185
1 0.8567708333333334 0.7106481481481481 0.2791666666666667 0.0712962962962963
1 0.8138020833333334 0.7666666666666667 0.3734375 0.15925925925925927
1 0.5002604166666667 0.7300925925925926 0.018229166666666668 0.058333333333333334
1 0.3809895833333333 0.7231481481481481 0.06302083333333333 0.044444444444444446
1 0.5575520833333333 0.6550925925925926 0.1640625 0.049074074074074076
1 0.61640625 0.7217592592592592 0.03697916666666667 0.04537037037037037
1 0.49166666666666664 0.6962962962962963 0.24375 0.024074074074074074
4 0.7411458333333333 0.462037037037037 0.1 0.4203703703703704
4 0.5986979166666667 0.5731481481481482 0.03177083333333333 0.16296296296296298
4 0.4505208333333333 0.5361111111111111 0.04583333333333333 0.24259259259259258
