0 0.5994791666666667 0.7842592592592592 0.12916666666666668 0.17777777777777778
0 0.49557291666666664 0.7583333333333333 0.024479166666666666 0.08703703703703704
1 0.20104166666666667 0.7532407407407408 0.3958333333333333 0.15833333333333333
1 0.38958333333333334 0.7805555555555556 0.15416666666666667 0.1685185185185185
1 0.9658854166666667 0.7087962962962963 0.0671875 0.06944444444444445
1 0.8255208333333334 0.7638888888888888 0.34791666666666665 0.13518518518518519
1 0.3307291666666667 0.7481481481481481 0.096875 0.07037037037037037
1 0.71875 0.6884259259259259 0.09166666666666666 0.04537037037037037
1 0.6614583333333334 0.7458333333333333 0.078125 0.06759259259259259
1 0.5015625 0.7027777777777777 0.3 0.025925925925925925
1 0.5565104166666667 0.6884259259259259 0.030729166666666665 0.049074074074074076
1 0.56796875 0.6513888888888889 0.1078125 0.03425925925925926
1 0.48776041666666664 0.6574074074074074 0.0203125 0.02962962962962963
4 0.7830729166666667 0.38657407407407407 0.12864583333333332 0.4212962962962963
4 0.60625 0.5652777777777778 0.03854166666666667 0.16203703703703703
4 0.44166666666666665 0.5300925925925926 0.057291666666666664 0.287962962962963
