1 0.1796875 0.7518518518518519 0.353125 0.16111111111111112
1 0.37395833333333334 0.7930555555555555 0.12291666666666666 0.14351851851851852
1 0.8830729166666667 0.6787037037037037 0.14427083333333332 0.02962962962962963
1 0.84140625 0.7731481481481481 0.31614583333333335 0.11666666666666667
1 0.61171875 0.8 0.1046875 0.14629629629629629
1 0.4890625 0.8064814814814815 0.0375 0.11666666666666667
1 0.23411458333333332 0.8041666666666667 0.19114583333333332 0.1175925925925926
1 0.8559895833333333 0.7125 0.2890625 0.05092592592592592
1 0.75859375 0.8009259259259259 0.15885416666666666 0.11851851851851852
1 0.49765625 0.7236111111111111 0.37552083333333336 0.026851851851851852
1 0.5716145833333334 0.700925925925926 0.049479166666666664 0.046296296296296294
1 0.5760416666666667 0.6550925925925926 0.12395833333333334 0.041666666666666664
1 0.48880208333333336 0.6569444444444444 0.021354166666666667 0.03611111111111111
2 0.36276041666666664 0.6097222222222223 0.0265625 0.13055555555555556
4 0.8161458333333333 0.3925925925925926 0.16145833333333334 0.5648148148148148
4 0.6096354166666667 0.5597222222222222 0.04739583333333333 0.18611111111111112
4 0.44166666666666665 0.5300925925925926 0.057291666666666664 0.287962962962963
