1 0.16041666666666668 0.7601851851851852 0.3145833333333333 0.14444444444444443
1 0.35651041666666666 0.8171296296296297 0.08802083333333334 0.09537037037037037
1 0.9346354166666667 0.6810185185185185 0.12864583333333332 0.03981481481481482
1 0.84140625 0.7731481481481481 0.31614583333333335 0.11666666666666667
1 0.625 0.8231481481481482 0.078125 0.1
1 0.23411458333333332 0.8041666666666667 0.19114583333333332 0.1175925925925926
1 0.8841145833333334 0.7125 0.2328125 0.05092592592592592
1 0.75859375 0.8009259259259259 0.15885416666666666 0.11851851851851852
1 0.49114583333333334 0.7537037037037037 0.528125 0.06481481481481481
1 0.5786458333333333 0.7189814814814814 0.04479166666666667 0.09722222222222222
1 0.49375 0.6518518518518519 0.021875 0.03518518518518519
1 0.6018229166666667 0.6648148148148149 0.1828125 0.04814814814814815
2 0.24192708333333332 0.49907407407407406 0.0296875 0.08518518518518518
2 0.34869791666666666 0.6148148148148148 0.0234375 0.13148148148148148
4 0.8635416666666667 0.34814814814814815 0.17604166666666668 0.6592592592592592
4 0.6140625 0.5560185185185185 0.051041666666666666 0.1935185185185185
4 0.4296875 0.5046296296296297 0.07395833333333333 0.31851851851851853
