1 0.4890625 0.6555555555555556 0.023958333333333335 0.03333333333333333
1 0.5940104166666667 0.6574074074074074 0.1515625 0.05
1 0.5958333333333333 0.7689814814814815 0.08645833333333333 0.14351851851851852
1 0.8643229166666667 0.7837962962962963 0.2390625 0.09537037037037037
1 0.7940104166666667 0.825462962962963 0.20572916666666666 0.07314814814814814
1 0.13776041666666666 0.7671296296296296 0.24322916666666666 0.09351851851851851
1 0.22421875 0.7018518518518518 0.0765625 0.04259259259259259
1 0.2078125 0.8273148148148148 0.240625 0.0712962962962963
1 0.9171875 0.7208333333333333 0.16458333333333333 0.028703703703703703
1 0.9619791666666667 0.6791666666666667 0.075 0.03611111111111111
1 0.42473958333333334 0.6652777777777777 0.0453125 0.030555555555555555
1 0.7513020833333334 0.6662037037037037 0.1734375 0.03796296296296296
2 0.18333333333333332 0.46574074074074073 0.026041666666666668 0.08888888888888889
2 0.9645833333333333 0.575925925925926 0.029166666666666667 0.14629629629629629
2 0.3299479166666667 0.6083333333333333 0.0265625 0.14814814814814814
4 0.4109375 0.48564814814814816 0.08541666666666667 0.3731481481481482
4 0.634375 0.5476851851851852 0.04583333333333333 0.24166666666666667
