1 0.62578125 0.7773148148148148 0.10052083333333334 0.20092592592592592
1 0.4890625 0.6555555555555556 0.023958333333333335 0.03333333333333333
1 0.6046875 0.6615740740740741 0.18645833333333334 0.0712962962962963
1 0.09166666666666666 0.7458333333333333 0.15729166666666666 0.13055555555555556
1 0.9182291666666667 0.8004629629629629 0.1375 0.05648148148148148
1 0.9734375 0.7277777777777777 0.04583333333333333 0.024074074074074074
1 0.42239583333333336 0.6699074074074074 0.041666666666666664 0.04722222222222222
1 0.28125 0.6796296296296296 0.234375 0.04259259259259259
1 0.790625 0.675 0.21354166666666666 0.03888888888888889
2 0.09583333333333334 0.4041666666666667 0.026041666666666668 0.08796296296296297
2 0.3015625 0.600925925925926 0.035416666666666666 0.17037037037037037
4 0.40234375 0.4722222222222222 0.09635416666666667 0.4351851851851852
4 0.6411458333333333 0.5462962962962963 0.04583333333333333 0.24074074074074073
