1 0.66875 0.7777777777777778 0.11666666666666667 0.19074074074074074
1 0.4830729166666667 0.6657407407407407 0.0359375 0.053703703703703705
1 0.6236979166666666 0.6671296296296296 0.21510416666666668 0.06944444444444445
1 0.020572916666666666 0.7208333333333333 0.0421875 0.13055555555555556
1 0.41796875 0.6685185185185185 0.0328125 0.05
1 0.2552083333333333 0.6782407407407407 0.2864583333333333 0.04537037037037037
1 0.834375 0.675 0.215625 0.027777777777777776
2 0.2671875 0.5824074074074074 0.03854166666666667 0.21851851851851853
4 0.39609375 0.45092592592592595 0.09322916666666667 0.45740740740740743
4 0.6520833333333333 0.5314814814814814 0.051041666666666666 0.26851851851851855
4 0.58125 0.5800925925925926 0.03333333333333333 0.13425925925925927
4 0.43255208333333334 0.5722222222222222 0.0453125 0.2111111111111111
