1 0.73671875 0.7689814814814815 0.2171875 0.1638888888888889
1 0.4830729166666667 0.6657407407407407 0.0359375 0.053703703703703705
1 0.8713541666666667 0.6768518518518518 0.25625 0.04259259259259259
1 0.6291666666666667 0.6796296296296296 0.22604166666666667 0.09444444444444444
1 0.4075520833333333 0.6694444444444444 0.05364583333333333 0.05185185185185185
1 0.215625 0.6888888888888889 0.3229166666666667 0.06851851851851852
2 0.6614583333333334 0.5819444444444445 0.05 0.18796296296296297
2 0.22135416666666666 0.5879629629629629 0.035416666666666666 0.24259259259259258
4 0.36822916666666666 0.41805555555555557 0.121875 0.562037037037037
4 0.6630208333333333 0.5217592592592593 0.0625 0.27870370370370373
4 0.4283854166666667 0.5652777777777778 0.044270833333333336 0.20092592592592592
