1 0.7268229166666667 0.7546296296296297 0.2328125 0.14444444444444443
1 0.471875 0.6773148148148148 0.058333333333333334 0.07685185185185185
1 0.5453125 0.6967592592592593 0.0625 0.11203703703703703
1 0.5604166666666667 0.6722222222222223 0.058333333333333334 0.05740740740740741
1 0.63828125 0.6671296296296296 0.13177083333333334 0.05092592592592592
1 0.8997395833333334 0.6810185185185185 0.19947916666666668 0.03425925925925926
1 0.6802083333333333 0.6990740740740741 0.25729166666666664 0.037037037037037035
1 0.39609375 0.674074074074074 0.0765625 0.06111111111111111
1 0.17786458333333333 0.6921296296296297 0.35572916666666665 0.08425925925925926
2 0.6854166666666667 0.5828703703703704 0.05520833333333333 0.21388888888888888
2 0.1515625 0.5694444444444444 0.065625 0.30925925925925923
4 0.33151041666666664 0.3773148148148148 0.15885416666666666 0.6583333333333333
4 0.6877604166666667 0.5050925925925925 0.07552083333333333 0.3101851851851852
4 0.5932291666666667 0.5717592592592593 0.03333333333333333 0.13425925925925927
4 0.4171875 0.5518518518518518 0.058333333333333334 0.2462962962962963
