1 0.8453125 0.7916666666666666 0.24583333333333332 0.12037037037037036
1 0.4630208333333333 0.6893518518518519 0.07604166666666666 0.10092592592592593
1 0.5682291666666667 0.7287037037037037 0.10833333333333334 0.17592592592592593
1 0.5903645833333333 0.7023148148148148 0.027604166666666666 0.03611111111111111
1 0.6109375 0.6861111111111111 0.15729166666666666 0.08888888888888889
1 0.7809895833333333 0.6782407407407407 0.4276041666666667 0.06759259259259259
1 0.7158854166666667 0.7171296296296297 0.30052083333333335 0.06018518518518518
1 0.3880208333333333 0.6810185185185185 0.06041666666666667 0.04722222222222222
1 0.17786458333333333 0.7111111111111111 0.35572916666666665 0.12222222222222222
1 0.6390625 0.7731481481481481 0.08854166666666667 0.02962962962962963
1 0.55859375 0.6763888888888889 0.0171875 0.026851851851851852
1 0.5427083333333333 0.6689814814814815 0.0125 0.026851851851851852
1 0.6731770833333334 0.6949074074074074 0.049479166666666664 0.030555555555555555
1 0.6083333333333333 0.674537037037037 0.026041666666666668 0.021296296296296296
1 0.75 0.687962962962963 0.058333333333333334 0.025925925925925925
1 0.65703125 0.6731481481481482 0.03802083333333333 0.014814814814814815
1 0.6744791666666666 0.6824074074074075 0.23333333333333334 0.05925925925925926
2 0.7083333333333334 0.5712962962962963 0.065625 0.21851851851851853
2 0.07265625 0.5222222222222223 0.0578125 0.31296296296296294
4 0.7119791666666667 0.47962962962962963 0.08125 0.36666666666666664
4 0.41328125 0.5407407407407407 0.06302083333333333 0.25555555555555554
