1 0.8979166666666667 0.7962962962962963 0.165625 0.08148148148148149
1 0.44244791666666666 0.7152777777777778 0.1171875 0.1527777777777778
1 0.584375 0.7555555555555555 0.140625 0.22962962962962963
1 0.6119791666666666 0.7212962962962963 0.04895833333333333 0.05185185185185185
1 0.6440104166666667 0.6990740740740741 0.2234375 0.11481481481481481
1 0.7833333333333333 0.6759259259259259 0.4322916666666667 0.06296296296296296
1 0.7822916666666667 0.7379629629629629 0.378125 0.1111111111111111
1 0.19635416666666666 0.7347222222222223 0.3927083333333333 0.16944444444444445
1 0.565625 0.6791666666666667 0.017708333333333333 0.026851851851851852
1 0.5447916666666667 0.6712962962962963 0.013541666666666667 0.025925925925925925
1 0.7161458333333334 0.7129629629629629 0.07083333333333333 0.040740740740740744
1 0.6171875 0.6800925925925926 0.026041666666666668 0.021296296296296296
1 0.80078125 0.6953703703703704 0.08072916666666667 0.03518518518518519
1 0.6643229166666667 0.6759259259259259 0.03802083333333333 0.014814814814814815
1 0.71640625 0.6907407407407408 0.3171875 0.07222222222222222
2 0.7302083333333333 0.5555555555555556 0.071875 0.25
4 0.7119791666666667 0.47962962962962963 0.08125 0.36666666666666664
4 0.40598958333333335 0.5393518518518519 0.06302083333333333 0.25462962962962965
