1 0.40625 0.7560185185185185 0.18958333333333333 0.23425925925925925
1 0.5854166666666667 0.7555555555555555 0.140625 0.22962962962962963
1 0.653125 0.7527777777777778 0.08020833333333334 0.08703703703703704
1 0.7192708333333333 0.725925925925926 0.37395833333333334 0.1685185185185185
1 0.7888020833333333 0.6759259259259259 0.42135416666666664 0.06296296296296296
1 0.3763020833333333 0.6944444444444444 0.06614583333333333 0.03518518518518519
1 0.19166666666666668 0.7444444444444445 0.384375 0.15555555555555556
1 0.5703125 0.6884259259259259 0.017708333333333333 0.026851851851851852
1 0.5484375 0.6712962962962963 0.013541666666666667 0.025925925925925925
1 0.7799479166666666 0.7273148148148149 0.11927083333333334 0.05092592592592592
1 0.6348958333333333 0.6842592592592592 0.03333333333333333 0.024074074074074074
1 0.8736979166666666 0.700925925925926 0.10677083333333333 0.040740740740740744
1 0.6916666666666667 0.6777777777777778 0.04583333333333333 0.024074074074074074
1 0.7768229166666667 0.6986111111111111 0.43802083333333336 0.08796296296296297
1 0.58828125 0.6680555555555555 0.024479166666666666 0.019444444444444445
1 0.8942708333333333 0.7939814814814815 0.21041666666666667 0.125
2 0.77109375 0.5310185185185186 0.0890625 0.29907407407407405
4 0.7119791666666667 0.47962962962962963 0.08125 0.36666666666666664
4 0.3966145833333333 0.5287037037037037 0.06302083333333333 0.25555555555555554
