1 0.40625 0.7560185185185185 0.18958333333333333 0.23425925925925925
1 0.5854166666666667 0.7555555555555555 0.140625 0.22962962962962963
1 0.7356770833333334 0.8157407407407408 0.14947916666666666 0.1037037037037037
1 0.7627604166666667 0.7379629629629629 0.4390625 0.1814814814814815
1 0.7888020833333333 0.6759259259259259 0.42135416666666664 0.06296296296296296
1 0.34739583333333335 0.7083333333333334 0.12395833333333334 0.06296296296296296
1 0.18359375 0.7481481481481481 0.36822916666666666 0.14814814814814814
1 0.5799479166666667 0.6962962962962963 0.027604166666666666 0.037037037037037035
1 0.54609375 0.6722222222222223 0.018229166666666668 0.024074074074074074
1 0.8963541666666667 0.7587962962962963 0.19583333333333333 0.049074074074074076
1 0.65546875 0.6962962962962963 0.044270833333333336 0.027777777777777776
1 0.9473958333333333 0.7138888888888889 0.10625 0.040740740740740744
1 0.7247395833333333 0.687962962962963 0.05364583333333333 0.03148148148148148
1 0.7783854166666667 0.6972222222222222 0.4348958333333333 0.09074074074074075
1 0.5966145833333333 0.6736111111111112 0.024479166666666666 0.019444444444444445
2 0.8252604166666667 0.5259259259259259 0.09635416666666667 0.37962962962962965
4 0.8291666666666667 0.3972222222222222 0.13854166666666667 0.5666666666666667
4 0.6190104166666667 0.5523148148148148 0.05677083333333333 0.21203703703703702
4 0.3848958333333333 0.5018518518518519 0.07083333333333333 0.30185185185185187
