0 0.4276041666666667 0.7328703703703704 0.146875 0.18796296296296297
0 0.7627604166666667 0.7407407407407407 0.4390625 0.17592592592592593
1 0.5854166666666667 0.7555555555555555 0.140625 0.22962962962962963
1 0.7979166666666667 0.8472222222222222 0.0375 0.040740740740740744
1 0.7888020833333333 0.6759259259259259 0.42135416666666664 0.06296296296296296
1 0.17135416666666667 0.7467592592592592 0.34375 0.15092592592592594
1 0.29973958333333334 0.7208333333333333 0.21927083333333333 0.08796296296296297
1 0.5981770833333333 0.7143518518518519 0.03697916666666667 0.03796296296296296
1 0.5565104166666667 0.6754629629629629 0.024479166666666666 0.028703703703703703
1 0.9643229166666667 0.7657407407407407 0.0703125 0.040740740740740744
1 0.6901041666666666 0.7064814814814815 0.06145833333333333 0.03888888888888889
1 0.76953125 0.6935185185185185 0.0796875 0.03148148148148148
1 0.7783854166666667 0.6986111111111111 0.4348958333333333 0.09166666666666666
1 0.6091145833333333 0.6782407407407407 0.024479166666666666 0.019444444444444445
2 0.8919270833333334 0.47685185185185186 0.1171875 0.42592592592592593
4 0.8796875 0.34629629629629627 0.18020833333333333 0.6574074074074074
4 0.6190104166666667 0.5523148148148148 0.05677083333333333 0.21203703703703702
4 0.3614583333333333 0.49212962962962964 0.090625 0.36018518518518516
