0 0.40260416666666665 0.7509259259259259 0.196875 0.22407407407407406
0 0.7591145833333334 0.7435185185185185 0.4317708333333333 0.1814814814814815
1 0.5859375 0.7555555555555555 0.140625 0.22962962962962963
1 0.7817708333333333 0.6782407407407407 0.4354166666666667 0.058333333333333334
1 0.1640625 0.7319444444444444 0.325 0.11944444444444445
1 0.19296875 0.750462962962963 0.35989583333333336 0.12685185185185185
1 0.6263020833333334 0.7347222222222223 0.05677083333333333 0.06018518518518518
1 0.5622395833333333 0.6837962962962963 0.024479166666666666 0.028703703703703703
1 0.6796875 0.6726851851851852 0.041666666666666664 0.030555555555555555
1 0.7502604166666667 0.7175925925925926 0.09114583333333333 0.03888888888888889
1 0.8270833333333333 0.6949074074074074 0.10833333333333334 0.03425925925925926
1 0.7776041666666667 0.6953703703703704 0.43645833333333334 0.09814814814814815
1 0.62265625 0.6768518518518518 0.033854166666666664 0.016666666666666666
1 0.5815104166666667 0.662962962962963 0.0171875 0.016666666666666666
2 0.959375 0.25601851851851853 0.07916666666666666 0.20277777777777778
4 0.4666666666666667 0.5736111111111111 0.035416666666666666 0.15648148148148147
4 0.6338541666666667 0.5375 0.05416666666666667 0.23425925925925925
4 0.33567708333333335 0.4671296296296296 0.0953125 0.3824074074074074
