0 0.4421875 0.7129629629629629 0.11770833333333333 0.13703703703703704
1 0.6018229166666667 0.7893518518518519 0.10885416666666667 0.16203703703703703
1 0.7591145833333334 0.7435185185185185 0.4317708333333333 0.1814814814814815
1 0.7815104166666667 0.6773148148148148 0.4359375 0.06018518518518518
1 0.14453125 0.7324074074074074 0.2859375 0.11851851851851852
1 0.1875 0.7532407407407408 0.3489583333333333 0.12129629629629629
1 0.6908854166666667 0.7870370370370371 0.10677083333333333 0.1
1 0.5700520833333333 0.6898148148148148 0.024479166666666666 0.027777777777777776
1 0.7078125 0.6851851851851852 0.04791666666666667 0.027777777777777776
1 0.8388020833333333 0.7486111111111111 0.1546875 0.049074074074074076
1 0.96171875 0.7101851851851851 0.0671875 0.02962962962962963
1 0.7809895833333333 0.6967592592592593 0.4296875 0.09537037037037037
1 0.6356770833333333 0.687037037037037 0.033854166666666664 0.016666666666666666
1 0.5877604166666667 0.6657407407407407 0.0171875 0.016666666666666666
1 0.53125 0.6689814814814815 0.036458333333333336 0.04351851851851852
2 0.5638020833333334 0.5986111111111111 0.0984375 0.125
4 0.4666666666666667 0.5736111111111111 0.035416666666666666 0.15648148148148147
4 0.6411458333333333 0.5407407407407407 0.05625 0.25925925925925924
4 0.30755208333333334 0.45231481481481484 0.1015625 0.43425925925925923
