0 0.39947916666666666 0.7587962962962963 0.203125 0.22870370370370371
1 0.6018229166666667 0.7893518518518519 0.10885416666666667 0.16203703703703703
1 0.7591145833333334 0.7435185185185185 0.4317708333333333 0.1814814814814815
1 0.7815104166666667 0.6773148148148148 0.4359375 0.06018518518518518
1 0.121875 0.7393518518518518 0.240625 0.10462962962962963
1 0.17942708333333332 0.7523148148148148 0.3359375 0.11203703703703703
1 0.7671875 0.8273148148148148 0.10208333333333333 0.06759259259259259
1 0.5856770833333333 0.700925925925926 0.024479166666666666 0.027777777777777776
1 0.7466145833333333 0.6893518518518519 0.06510416666666667 0.025
1 0.9346354166666667 0.7662037037037037 0.13072916666666667 0.05277777777777778
1 0.9809895833333333 0.712037037037037 0.0390625 0.022222222222222223
1 0.7809895833333333 0.6967592592592593 0.4296875 0.09537037037037037
1 0.6703125 0.6925925925925925 0.06041666666666667 0.022222222222222223
1 0.59921875 0.6708333333333333 0.021354166666666667 0.019444444444444445
1 0.5309895833333333 0.674074074074074 0.0359375 0.053703703703703705
2 0.5684895833333333 0.6041666666666666 0.1078125 0.1361111111111111
2 0.47890625 0.5912037037037037 0.0671875 0.10648148148148148
4 0.4661458333333333 0.5638888888888889 0.040625 0.1537037037037037
4 0.6606770833333333 0.5208333333333334 0.06822916666666666 0.30833333333333335
4 0.5809895833333333 0.5787037037037037 0.04010416666666667 0.13148148148148148
4 0.26901041666666664 0.3296296296296296 0.13177083333333334 0.35555555555555557
