1 0.4002604166666667 0.7587962962962963 0.20260416666666667 0.22870370370370371
1 0.6018229166666667 0.7893518518518519 0.10885416666666667 0.16203703703703703
1 0.7591145833333334 0.7435185185185185 0.4317708333333333 0.1814814814814815
1 0.7838541666666666 0.6759259259259259 0.4322916666666667 0.06296296296296296
1 0.08151041666666667 0.7412037037037037 0.15989583333333332 0.10092592592592593
1 0.15833333333333333 0.7592592592592593 0.3125 0.09259259259259259
1 0.6125 0.7240740740740741 0.035416666666666666 0.046296296296296294
1 0.80390625 0.6972222222222222 0.08802083333333334 0.03518518518518519
1 0.7809895833333333 0.6967592592592593 0.4296875 0.09537037037037037
1 0.71484375 0.7134259259259259 0.08177083333333333 0.030555555555555555
1 0.6065104166666667 0.6796296296296296 0.0265625 0.022222222222222223
1 0.5361979166666667 0.6805555555555556 0.04739583333333333 0.06851851851851852
1 0.6684895833333333 0.674074074074074 0.03697916666666667 0.020370370370370372
2 0.57109375 0.600925925925926 0.11302083333333333 0.12962962962962962
2 0.465625 0.6032407407407407 0.053125 0.13055555555555556
4 0.45807291666666666 0.5578703703703703 0.04114583333333333 0.1527777777777778
4 0.671875 0.5111111111111111 0.06875 0.30925925925925923
4 0.58984375 0.5717592592592593 0.04739583333333333 0.14351851851851852
4 0.22213541666666667 0.25416666666666665 0.1390625 0.38425925925925924
