1 0.42578125 0.736574074074074 0.15677083333333333 0.18055555555555555
1 0.60234375 0.7921296296296296 0.0828125 0.125
1 0.7705729166666667 0.7532407407407408 0.4088541666666667 0.16203703703703703
1 0.7838541666666666 0.6759259259259259 0.4322916666666667 0.06296296296296296
1 0.14375 0.7648148148148148 0.2833333333333333 0.08148148148148149
1 0.65390625 0.7625 0.07864583333333333 0.09166666666666666
1 0.88515625 0.7083333333333334 0.1296875 0.03148148148148148
1 0.7809895833333333 0.6967592592592593 0.4296875 0.09537037037037037
1 0.7859375 0.7324074074074074 0.13645833333333332 0.046296296296296294
1 0.6263020833333334 0.6851851851851852 0.0296875 0.027777777777777776
1 0.5447916666666667 0.687962962962963 0.06041666666666667 0.07777777777777778
1 0.6890625 0.6810185185185185 0.0375 0.019444444444444445
2 0.5802083333333333 0.6013888888888889 0.11041666666666666 0.16203703703703703
2 0.47708333333333336 0.5944444444444444 0.08958333333333333 0.12777777777777777
4 0.453125 0.5574074074074075 0.04583333333333333 0.19074074074074074
4 0.7015625 0.49675925925925923 0.08333333333333333 0.3509259259259259
4 0.58984375 0.5717592592592593 0.04739583333333333 0.14351851851851852
