1 0.39869791666666665 0.7583333333333333 0.20572916666666666 0.22777777777777777
1 0.7763020833333333 0.7615740740740741 0.39947916666666666 0.17314814814814813
1 0.7838541666666666 0.6759259259259259 0.4322916666666667 0.06296296296296296
1 0.12604166666666666 0.7722222222222223 0.24791666666666667 0.06666666666666667
1 0.7380208333333333 0.8097222222222222 0.13645833333333332 0.09907407407407408
1 0.9557291666666666 0.7078703703703704 0.08854166666666667 0.030555555555555555
1 0.7809895833333333 0.6967592592592593 0.4296875 0.09537037037037037
1 0.90703125 0.7625 0.18489583333333334 0.05277777777777778
1 0.6502604166666667 0.7018518518518518 0.049479166666666664 0.03333333333333333
1 0.58828125 0.7592592592592593 0.14739583333333334 0.22037037037037038
1 0.7255208333333333 0.6893518518518519 0.06875 0.028703703703703703
1 0.3932291666666667 0.6875 0.052083333333333336 0.028703703703703703
1 0.23385416666666667 0.7 0.03854166666666667 0.03518518518518519
2 0.5875 0.5958333333333333 0.1125 0.15833333333333333
2 0.4822916666666667 0.600462962962963 0.103125 0.17685185185185184
4 0.4515625 0.5504629629629629 0.04791666666666667 0.2101851851851852
4 0.7307291666666667 0.46574074074074073 0.08958333333333333 0.4
4 0.59375 0.5708333333333333 0.052083333333333336 0.1638888888888889
