1 0.44114583333333335 0.7166666666666667 0.11770833333333333 0.1388888888888889
1 0.7802083333333333 0.7615740740740741 0.39166666666666666 0.17314814814814813
1 0.7838541666666666 0.6759259259259259 0.4322916666666667 0.06296296296296296
1 0.0984375 0.7768518518518519 0.19270833333333334 0.05740740740740741
1 0.7208333333333333 0.6898148148148148 0.309375 0.08148148148148149
1 0.684375 0.7050925925925926 0.071875 0.03611111111111111
1 0.5973958333333333 0.7606481481481482 0.165625 0.22314814814814815
1 0.76953125 0.6907407407407408 0.0734375 0.03148148148148148
1 0.13880208333333333 0.7018518518518518 0.10885416666666667 0.08518518518518518
1 0.9848958333333333 0.7754629629629629 0.029166666666666667 0.03425925925925926
1 0.39505208333333336 0.6824074074074075 0.09114583333333333 0.05740740740740741
2 0.5888020833333333 0.5879629629629629 0.14739583333333334 0.19444444444444445
2 0.47239583333333335 0.5972222222222222 0.10729166666666666 0.18518518518518517
4 0.4427083333333333 0.5421296296296296 0.052083333333333336 0.2361111111111111
4 0.7627604166666667 0.42314814814814816 0.11510416666666666 0.5037037037037037
4 0.60390625 0.5541666666666667 0.0546875 0.1675925925925926
