1 0.3971354166666667 0.7583333333333333 0.20572916666666666 0.2222222222222222
1 0.7479166666666667 0.7564814814814815 0.2875 0.13333333333333333
1 0.7833333333333333 0.6712962962962963 0.43125 0.053703703703703705
1 0.06354166666666666 0.7824074074074074 0.12291666666666666 0.046296296296296294
1 0.7825520833333334 0.6967592592592593 0.4328125 0.09537037037037037
1 0.7453125 0.7194444444444444 0.096875 0.046296296296296294
1 0.6158854166666666 0.7615740740740741 0.20260416666666667 0.22870370370370371
1 0.8395833333333333 0.6990740740740741 0.11354166666666667 0.03333333333333333
1 0.0625 0.7013888888888888 0.125 0.08981481481481482
1 0.38125 0.6875 0.11354166666666667 0.05648148148148148
2 0.5932291666666667 0.5787037037037037 0.16458333333333333 0.18333333333333332
2 0.46536458333333336 0.5814814814814815 0.11614583333333334 0.18888888888888888
4 0.43723958333333335 0.5273148148148148 0.0546875 0.23425925925925925
4 0.8203125 0.37777777777777777 0.14895833333333333 0.5888888888888889
4 0.6083333333333333 0.549537037037037 0.04583333333333333 0.17685185185185184
