1 0.3971354166666667 0.7583333333333333 0.20572916666666666 0.2222222222222222
1 0.7947916666666667 0.7712962962962963 0.34375 0.15555555555555556
1 0.7833333333333333 0.6712962962962963 0.43125 0.053703703703703705
1 0.021875 0.7916666666666666 0.03958333333333333 0.027777777777777776
1 0.7825520833333334 0.6967592592592593 0.4328125 0.09537037037037037
1 0.8447916666666667 0.749537037037037 0.175 0.07314814814814814
1 0.6388020833333333 0.7615740740740741 0.2484375 0.22870370370370371
1 0.928125 0.7083333333333334 0.13958333333333334 0.02962962962962963
1 0.359375 0.7027777777777777 0.15625 0.07962962962962963
1 0.016666666666666666 0.7236111111111111 0.03333333333333333 0.03981481481481482
2 0.615625 0.5726851851851852 0.159375 0.19907407407407407
2 0.4734375 0.5745370370370371 0.146875 0.20092592592592592
4 0.42994791666666665 0.5171296296296296 0.06302083333333333 0.26944444444444443
4 0.8786458333333333 0.33425925925925926 0.18541666666666667 0.6685185185185185
4 0.62421875 0.5467592592592593 0.04635416666666667 0.21203703703703702
