1 0.4192708333333333 0.7356481481481482 0.16145833333333334 0.17685185185185184
1 0.7416666666666667 0.7601851851851852 0.13125 0.07222222222222222
1 0.7833333333333333 0.6712962962962963 0.43125 0.053703703703703705
1 0.75078125 0.6972222222222222 0.3692708333333333 0.0962962962962963
1 0.9427083333333334 0.775 0.11458333333333333 0.03888888888888889
1 0.6510416666666666 0.7601851851851852 0.27291666666666664 0.22592592592592592
1 0.9877604166666667 0.7125 0.0203125 0.021296296296296296
1 0.3333333333333333 0.7111111111111111 0.20833333333333334 0.0962962962962963
2 0.6283854166666667 0.5685185185185185 0.1796875 0.23333333333333334
2 0.4609375 0.5666666666666667 0.16979166666666667 0.24444444444444444
4 0.42109375 0.5023148148148148 0.07760416666666667 0.33796296296296297
4 0.6322916666666667 0.538425925925926 0.046875 0.21203703703703702
