1 0.39505208333333336 0.762962962962963 0.20989583333333334 0.23148148148148148
1 0.8549479166666667 0.8064814814814815 0.19322916666666667 0.09444444444444444
1 0.8252604166666667 0.6810185185185185 0.34739583333333335 0.03611111111111111
1 0.6674479166666667 0.7648148148148148 0.30572916666666666 0.22037037037037038
1 0.2833333333333333 0.7180555555555556 0.29270833333333335 0.10277777777777777
1 0.74609375 0.7064814814814815 0.0796875 0.03333333333333333
1 0.9458333333333333 0.7412037037037037 0.10729166666666666 0.03796296296296296
1 0.6549479166666666 0.6847222222222222 0.0390625 0.023148148148148147
2 0.64375 0.5555555555555556 0.203125 0.26666666666666666
2 0.46041666666666664 0.5527777777777778 0.18958333333333333 0.28703703703703703
4 0.40598958333333335 0.4935185185185185 0.09010416666666667 0.37777777777777777
4 0.65234375 0.5175925925925926 0.059895833333333336 0.2574074074074074
