1 0.4348958333333333 0.7175925925925926 0.13020833333333334 0.14074074074074075
1 0.85 0.6828703703703703 0.29791666666666666 0.03796296296296296
1 0.6901041666666666 0.7652777777777777 0.35208333333333336 0.22314814814814815
1 0.21640625 0.7356481481481482 0.4265625 0.13796296296296295
1 0.8203125 0.712037037037037 0.11666666666666667 0.046296296296296294
1 0.68203125 0.687037037037037 0.0453125 0.03888888888888889
1 0.6015625 0.6703703703703704 0.07083333333333333 0.03333333333333333
2 0.5533854166666666 0.5351851851851852 0.4505208333333333 0.337037037037037
3 0.2643229166666667 0.6180555555555556 0.024479166666666666 0.1712962962962963
4 0.38697916666666665 0.48333333333333334 0.096875 0.43148148148148147
4 0.6651041666666667 0.5194444444444445 0.06770833333333333 0.26666666666666666
