1 0.40078125 0.7601851851851852 0.20364583333333333 0.22592592592592592
1 0.8947916666666667 0.6972222222222222 0.21041666666666667 0.025925925925925925
1 0.921875 0.7347222222222223 0.15104166666666666 0.062037037037037036
1 0.7205729166666667 0.7731481481481481 0.39947916666666666 0.22777777777777777
1 0.2125 0.736574074074074 0.41875 0.1361111111111111
1 0.72421875 0.700462962962963 0.07135416666666666 0.03611111111111111
1 0.62109375 0.674537037037037 0.0921875 0.030555555555555555
2 0.5583333333333333 0.42685185185185187 0.559375 0.5388888888888889
2 0.165625 0.600925925925926 0.042708333333333334 0.24259259259259258
4 0.3697916666666667 0.42592592592592593 0.14375 0.5148148148148148
