1 0.40260416666666665 0.7671296296296296 0.19479166666666667 0.22870370370370371
1 0.8408854166666667 0.6902777777777778 0.3171875 0.03425925925925926
1 0.65703125 0.6578703703703703 0.16510416666666666 0.10092592592592593
1 0.7541666666666667 0.7875 0.39791666666666664 0.16574074074074074
1 0.21614583333333334 0.7379629629629629 0.42604166666666665 0.13333333333333333
1 0.5372395833333333 0.674074074074074 0.04114583333333333 0.06666666666666667
1 0.9557291666666666 0.7351851851851852 0.0875 0.03888888888888889
1 0.75625 0.7050925925925926 0.0875 0.03611111111111111
2 0.8361979166666667 0.11898148148148148 0.32864583333333336 0.23981481481481481
4 0.7916666666666666 0.40694444444444444 0.13854166666666667 0.5287037037037037
