1 0.19713541666666667 0.7407407407407407 0.38697916666666665 0.10740740740740741
1 0.41067708333333336 0.7574074074074074 0.18697916666666667 0.21666666666666667
1 0.5815104166666667 0.7351851851851852 0.13489583333333333 0.1814814814814815
1 0.5635416666666667 0.6717592592592593 0.057291666666666664 0.032407407407407406
1 0.9135416666666667 0.7722222222222223 0.17083333333333334 0.05925925925925926
1 0.6440104166666667 0.6907407407407408 0.03697916666666667 0.020370370370370372
1 0.7161458333333334 0.6837962962962963 0.05520833333333333 0.023148148148148147
1 0.9598958333333333 0.7152777777777778 0.078125 0.021296296296296296
1 0.8088541666666667 0.7097222222222223 0.371875 0.075
1 0.8752604166666667 0.687962962962963 0.2484375 0.037037037037037035
