1 0.403125 0.7555555555555555 0.17604166666666668 0.23333333333333334
1 0.19088541666666667 0.7555555555555555 0.3828125 0.14629629629629629
1 0.75390625 0.7481481481481481 0.4015625 0.1962962962962963
1 0.61875 0.7578703703703704 0.17604166666666668 0.22314814814814815
1 0.7861979166666667 0.6967592592592593 0.4265625 0.10648148148148148
1 0.8018229166666667 0.674074074074074 0.3953125 0.053703703703703705
1 0.5158854166666667 0.6518518518518519 0.03177083333333333 0.046296296296296294
1 0.5125 0.6638888888888889 0.022916666666666665 0.022222222222222223
1 0.4557291666666667 0.6657407407407407 0.022916666666666665 0.020370370370370372
3 0.7869791666666667 0.624537037037037 0.030208333333333334 0.11203703703703703
