1 0.42109375 0.7425925925925926 0.14010416666666667 0.2074074074074074
1 0.19140625 0.7527777777777778 0.3828125 0.14629629629629629
1 0.75390625 0.7481481481481481 0.4015625 0.1962962962962963
1 0.61875 0.7578703703703704 0.17604166666666668 0.22314814814814815
1 0.75390625 0.6958333333333333 0.3619791666666667 0.10462962962962963
1 0.8018229166666667 0.6787037037037037 0.3953125 0.06296296296296296
1 0.5158854166666667 0.6518518518518519 0.03177083333333333 0.046296296296296294
1 0.51328125 0.6861111111111111 0.018229166666666668 0.024074074074074074
1 0.44609375 0.6833333333333333 0.024479166666666666 0.02962962962962963
2 0.4432291666666667 0.6277777777777778 0.015625 0.05925925925925926
2 0.8450520833333334 0.625 0.024479166666666666 0.13333333333333333
