1 0.4088541666666667 0.7569444444444444 0.16458333333333333 0.2361111111111111
1 0.18385416666666668 0.7611111111111111 0.36770833333333336 0.12962962962962962
1 0.7549479166666667 0.749537037037037 0.4036458333333333 0.19907407407407407
1 0.61875 0.7578703703703704 0.17604166666666668 0.22314814814814815
1 0.7859375 0.6930555555555555 0.42604166666666665 0.09907407407407408
1 0.7921875 0.674074074074074 0.40729166666666666 0.05555555555555555
1 0.5158854166666667 0.6518518518518519 0.03177083333333333 0.046296296296296294
1 0.51328125 0.6861111111111111 0.018229166666666668 0.024074074074074074
1 0.43671875 0.6842592592592592 0.024479166666666666 0.02962962962962963
2 0.43671875 0.6143518518518518 0.018229166666666668 0.06388888888888888
2 0.9208333333333333 0.600462962962963 0.03854166666666667 0.1638888888888889
