1 0.41302083333333334 0.7509259259259259 0.15625 0.22407407407407406
1 0.18385416666666668 0.7611111111111111 0.36770833333333336 0.12962962962962962
1 0.75859375 0.749537037037037 0.4109375 0.19907407407407407
1 0.61875 0.7578703703703704 0.17604166666666668 0.22314814814814815
1 0.7861979166666667 0.6944444444444444 0.4265625 0.10185185185185185
1 0.7940104166666667 0.6754629629629629 0.4109375 0.058333333333333334
1 0.5223958333333333 0.6671296296296296 0.041666666666666664 0.04537037037037037
1 0.5208333333333334 0.7143518518518519 0.029166666666666667 0.03796296296296296
1 0.39479166666666665 0.7212962962962963 0.03229166666666667 0.03518518518518519
2 0.428125 0.612037037037037 0.017708333333333333 0.06296296296296296
