1 0.45286458333333335 0.7138888888888889 0.0765625 0.15
1 0.17708333333333334 0.7638888888888888 0.3541666666666667 0.12407407407407407
1 0.76171875 0.749537037037037 0.4171875 0.19907407407407407
1 0.61875 0.7578703703703704 0.17604166666666668 0.22314814814814815
1 0.7158854166666667 0.6893518518518519 0.31614583333333335 0.08425925925925926
1 0.7940104166666667 0.6754629629629629 0.4109375 0.058333333333333334
1 0.53046875 0.6787037037037037 0.0578125 0.06851851851851852
1 0.52734375 0.7546296296296297 0.0453125 0.06296296296296296
1 0.3484375 0.7467592592592592 0.07604166666666666 0.04722222222222222
2 0.421875 0.6185185185185185 0.023958333333333335 0.0962962962962963
