1 0.4197916666666667 0.7583333333333333 0.14270833333333333 0.2388888888888889
1 0.17708333333333334 0.7638888888888888 0.3541666666666667 0.12407407407407407
1 0.7104166666666667 0.7273148148148149 0.3145833333333333 0.15462962962962962
1 0.6341145833333334 0.7560185185185185 0.20677083333333332 0.21944444444444444
1 0.7786458333333334 0.6986111111111111 0.44166666666666665 0.10277777777777777
1 0.7940104166666667 0.6754629629629629 0.4109375 0.058333333333333334
1 0.53984375 0.6791666666666667 0.0703125 0.06574074074074074
1 0.5411458333333333 0.8050925925925926 0.07708333333333334 0.10833333333333334
1 0.25442708333333336 0.7972222222222223 0.1546875 0.10925925925925926
2 0.4109375 0.612037037037037 0.027083333333333334 0.12037037037037036
