1 0.37994791666666666 0.7648148148148148 0.2296875 0.21481481481481482
1 0.1328125 0.7708333333333334 0.265625 0.11388888888888889
1 0.7763020833333333 0.7587962962962963 0.44635416666666666 0.2175925925925926
1 0.7786458333333334 0.687962962962963 0.44166666666666665 0.08148148148148149
1 0.7924479166666667 0.6736111111111112 0.4078125 0.05462962962962963
1 0.5841145833333333 0.774537037037037 0.1140625 0.19537037037037036
1 0.49713541666666666 0.674074074074074 0.021354166666666667 0.027777777777777776
1 0.56484375 0.6768518518518518 0.0203125 0.020370370370370372
1 0.41796875 0.6699074074074074 0.0640625 0.04722222222222222
2 0.43802083333333336 0.6199074074074075 0.019791666666666666 0.06574074074074074
3 0.021614583333333333 0.425 0.044270833333333336 0.37777777777777777
