1 0.43385416666666665 0.7129629629629629 0.121875 0.1111111111111111
1 0.11822916666666666 0.7694444444444445 0.23645833333333333 0.1111111111111111
1 0.7763020833333333 0.7587962962962963 0.44635416666666666 0.2175925925925926
1 0.7177083333333333 0.6814814814814815 0.31979166666666664 0.06851851851851852
1 0.79375 0.6708333333333333 0.41041666666666665 0.049074074074074076
1 0.546875 0.7162037037037037 0.04791666666666667 0.10833333333333334
1 0.49583333333333335 0.687962962962963 0.023958333333333335 0.05555555555555555
1 0.5721354166666667 0.6875 0.0203125 0.030555555555555555
1 0.4125 0.6754629629629629 0.06979166666666667 0.03796296296296296
2 0.43072916666666666 0.6194444444444445 0.022916666666666665 0.08518518518518518
