1 0.10208333333333333 0.7796296296296297 0.203125 0.10925925925925926
1 0.37994791666666666 0.7601851851851852 0.2296875 0.20555555555555555
1 0.7760416666666666 0.7518518518518519 0.44583333333333336 0.2037037037037037
1 0.7533854166666667 0.6800925925925926 0.39114583333333336 0.06574074074074074
1 0.7604166666666666 0.6699074074074074 0.34375 0.04722222222222222
1 0.56640625 0.7662037037037037 0.08697916666666666 0.20833333333333334
1 0.4934895833333333 0.7027777777777777 0.024479166666666666 0.05555555555555555
1 0.5885416666666666 0.7037037037037037 0.03125 0.040740740740740744
1 0.39375 0.7013888888888888 0.04583333333333333 0.026851851851851852
1 0.39921875 0.6824074074074075 0.07760416666666667 0.037037037037037035
2 0.41953125 0.6101851851851852 0.019270833333333334 0.10185185185185185
4 0.6330729166666667 0.5611111111111111 0.0421875 0.15925925925925927
