1 0.08229166666666667 0.7800925925925926 0.165625 0.17685185185185184
1 0.36692708333333335 0.7712962962962963 0.24427083333333333 0.19814814814814816
1 0.7760416666666666 0.7518518518518519 0.44583333333333336 0.2037037037037037
1 0.8080729166666667 0.6935185185185185 0.3828125 0.06666666666666667
1 0.79375 0.6712962962962963 0.41041666666666665 0.05
1 0.5703125 0.7685185185185185 0.09479166666666666 0.21296296296296297
1 0.4856770833333333 0.7342592592592593 0.024479166666666666 0.05555555555555555
1 0.6161458333333333 0.7287037037037037 0.04375 0.053703703703703705
1 0.3625 0.7240740740740741 0.04791666666666667 0.03333333333333333
1 0.49713541666666666 0.6625 0.13802083333333334 0.025
1 0.38307291666666665 0.6893518518518519 0.09114583333333333 0.04722222222222222
2 0.40963541666666664 0.6162037037037037 0.024479166666666666 0.10648148148148148
4 0.6416666666666667 0.5652777777777778 0.041666666666666664 0.15833333333333333
