1 0.05026041666666667 0.7916666666666666 0.1015625 0.07592592592592592
1 0.40078125 0.75 0.1796875 0.15555555555555556
1 0.7760416666666666 0.7518518518518519 0.44583333333333336 0.2037037037037037
1 0.7903645833333334 0.6837962962962963 0.35052083333333334 0.062037037037037036
1 0.7916666666666666 0.6680555555555555 0.40625 0.04351851851851852
1 0.56328125 0.749537037037037 0.08072916666666667 0.175
1 0.46901041666666665 0.7837962962962963 0.04114583333333333 0.10092592592592593
1 0.67578125 0.7648148148148148 0.09322916666666667 0.09259259259259259
1 0.32734375 0.736574074074074 0.0328125 0.030555555555555555
1 0.49609375 0.6675925925925926 0.16927083333333334 0.025925925925925925
1 0.36041666666666666 0.6953703703703704 0.10416666666666667 0.040740740740740744
2 0.38984375 0.6046296296296296 0.030729166666666665 0.12777777777777777
4 0.6549479166666666 0.5555555555555556 0.044270833333333336 0.17222222222222222
