1 0.015625 0.7875 0.03125 0.04351851851851852
1 0.36171875 0.7726851851851851 0.2296875 0.19537037037037036
1 0.7760416666666666 0.7518518518518519 0.44583333333333336 0.2037037037037037
1 0.81328125 0.6865740740740741 0.3723958333333333 0.05648148148148148
1 0.7940104166666667 0.6671296296296296 0.4109375 0.041666666666666664
1 0.57578125 0.7620370370370371 0.10572916666666667 0.2
1 0.45234375 0.837037037037037 0.033854166666666664 0.06481481481481481
1 0.7578125 0.8171296296296297 0.090625 0.0787037037037037
1 0.50390625 0.6685185185185185 0.18489583333333334 0.027777777777777776
1 0.50546875 0.6861111111111111 0.0203125 0.024074074074074074
1 0.5744791666666667 0.6847222222222222 0.029166666666666667 0.032407407407407406
1 0.4236979166666667 0.6837962962962963 0.027604166666666666 0.017592592592592594
1 0.33828125 0.7 0.11822916666666666 0.06481481481481481
2 0.3690104166666667 0.5995370370370371 0.03177083333333333 0.16203703703703703
4 0.6638020833333333 0.5564814814814815 0.049479166666666664 0.2074074074074074
