1 0.3033854166666667 0.7111111111111111 0.1609375 0.07962962962962963
1 0.36171875 0.7726851851851851 0.2296875 0.19537037037037036
1 0.7763020833333333 0.7393518518518518 0.44635416666666666 0.1787037037037037
1 0.7888020833333333 0.6898148148148148 0.28072916666666664 0.05185185185185185
1 0.79296875 0.6671296296296296 0.4088541666666667 0.041666666666666664
1 0.5817708333333333 0.7657407407407407 0.11770833333333333 0.2074074074074074
1 0.48984375 0.6773148148148148 0.23072916666666668 0.032407407407407406
1 0.5015625 0.6976851851851852 0.020833333333333332 0.03425925925925926
1 0.5888020833333333 0.6958333333333333 0.033854166666666664 0.032407407407407406
1 0.40677083333333336 0.6925925925925925 0.03958333333333333 0.024074074074074074
2 0.34140625 0.5916666666666667 0.03177083333333333 0.17222222222222222
4 0.671875 0.549537037037037 0.05520833333333333 0.22314814814814815
