1 0.24869791666666666 0.7189814814814814 0.20260416666666667 0.09537037037037037
1 0.36171875 0.7726851851851851 0.2296875 0.19537037037037036
1 0.7763020833333333 0.7393518518518518 0.44635416666666666 0.1787037037037037
1 0.8299479166666667 0.6916666666666667 0.3390625 0.05740740740740741
1 0.79296875 0.6671296296296296 0.4088541666666667 0.041666666666666664
1 0.58515625 0.7648148148148148 0.12447916666666667 0.20555555555555555
1 0.48932291666666666 0.6791666666666667 0.28802083333333334 0.03796296296296296
1 0.5015625 0.7162037037037037 0.020833333333333332 0.03981481481481482
1 0.6122395833333333 0.7097222222222223 0.04114583333333333 0.04351851851851852
1 0.38619791666666664 0.7087962962962963 0.05364583333333333 0.030555555555555555
2 0.30078125 0.5953703703703703 0.033854166666666664 0.21851851851851853
4 0.6940104166666666 0.5361111111111111 0.059895833333333336 0.25925925925925924
