1 0.17682291666666666 0.7425925925925926 0.3463541666666667 0.1425925925925926
1 0.3609375 0.7870370370370371 0.17604166666666668 0.17592592592592593
1 0.8026041666666667 0.749537037037037 0.39166666666666666 0.15648148148148147
1 0.84296875 0.6986111111111111 0.31302083333333336 0.04351851851851852
1 0.7947916666666667 0.6657407407407407 0.4083333333333333 0.05
1 0.5893229166666667 0.7620370370370371 0.1328125 0.2
1 0.4625 0.6851851851851852 0.3416666666666667 0.03333333333333333
1 0.49192708333333335 0.7486111111111111 0.024479166666666666 0.07314814814814814
1 0.6489583333333333 0.737037037037037 0.059375 0.053703703703703705
1 0.334375 0.737037037037037 0.08229166666666667 0.05
2 0.23567708333333334 0.575 0.0359375 0.29259259259259257
2 0.25494791666666666 0.6134259259259259 0.024479166666666666 0.1824074074074074
4 0.71171875 0.5310185185185186 0.0703125 0.275
