1 0.13151041666666666 0.750462962962963 0.2578125 0.12129629629629629
1 0.3528645833333333 0.8087962962962963 0.14322916666666666 0.15462962962962962
1 0.8026041666666667 0.749537037037037 0.39166666666666666 0.15648148148148147
1 0.8567708333333334 0.6986111111111111 0.28541666666666665 0.04351851851851852
1 0.7947916666666667 0.6657407407407407 0.4083333333333333 0.05
1 0.6138020833333333 0.8037037037037037 0.09635416666666667 0.14814814814814814
1 0.46640625 0.6962962962962963 0.42552083333333335 0.03333333333333333
1 0.4796875 0.8064814814814815 0.042708333333333334 0.11666666666666667
1 0.73828125 0.7930555555555555 0.1515625 0.11203703703703703
1 0.2328125 0.788425925925926 0.17291666666666666 0.09166666666666666
1 0.46822916666666664 0.725925925925926 0.46770833333333334 0.03148148148148148
2 0.13697916666666668 0.5328703703703703 0.03958333333333333 0.3712962962962963
2 0.15625 0.5912037037037037 0.035416666666666666 0.24351851851851852
4 0.7364583333333333 0.5120370370370371 0.078125 0.31296296296296294
4 0.43072916666666666 0.5546296296296296 0.025 0.24074074074074073
