1 0.09401041666666667 0.7421296296296296 0.18802083333333333 0.11018518518518519
1 0.8057291666666667 0.7537037037037037 0.3854166666666667 0.14814814814814814
1 0.88046875 0.6986111111111111 0.23802083333333332 0.04351851851851852
1 0.7947916666666667 0.6657407407407407 0.4083333333333333 0.05
1 0.6361979166666667 0.8407407407407408 0.049479166666666664 0.07962962962962963
1 0.38723958333333336 0.7203703703703703 0.4942708333333333 0.04814814814814815
1 0.8364583333333333 0.8393518518518519 0.09375 0.05092592592592592
1 0.12916666666666668 0.8435185185185186 0.125 0.06481481481481481
1 0.4640625 0.7717592592592593 0.6510416666666666 0.0824074074074074
1 0.5619791666666667 0.649537037037037 0.075 0.026851851851851852
1 0.32916666666666666 0.8342592592592593 0.07708333333333334 0.07037037037037037
1 0.32083333333333336 0.6824074074074075 0.16666666666666666 0.06666666666666667
2 0.01171875 0.5231481481481481 0.0234375 0.2962962962962963
4 0.7708333333333334 0.487962962962963 0.10729166666666666 0.36666666666666664
4 0.6455729166666667 0.5625 0.043229166666666666 0.16944444444444445
4 0.42109375 0.5444444444444444 0.0265625 0.23703703703703705
