1 0.021614583333333333 0.7351851851851852 0.043229166666666666 0.02962962962962963
1 0.46510416666666665 0.7273148148148149 0.859375 0.15462962962962962
1 0.8083333333333333 0.7606481481481482 0.38125 0.16018518518518518
1 0.5572916666666666 0.7 0.035416666666666666 0.05740740740740741
1 0.2828125 0.6990740740740741 0.19791666666666666 0.05555555555555555
1 0.13151041666666666 0.6592592592592592 0.20364583333333333 0.02962962962962963
1 0.9171875 0.7018518518518518 0.11770833333333333 0.022222222222222223
1 0.8958333333333334 0.6675925925925926 0.20416666666666666 0.046296296296296294
1 0.5276041666666667 0.6435185185185185 0.015625 0.05185185185185185
1 0.571875 0.6564814814814814 0.07708333333333334 0.02962962962962963
1 0.48802083333333335 0.637962962962963 0.052083333333333336 0.040740740740740744
4 0.8171875 0.44583333333333336 0.12291666666666666 0.4787037037037037
4 0.41041666666666665 0.524537037037037 0.035416666666666666 0.2712962962962963
4 0.6661458333333333 0.5541666666666667 0.04479166666666667 0.19537037037037036
