1 0.49895833333333334 0.7615740740740741 0.9979166666666667 0.2657407407407407
1 0.096875 0.6671296296296296 0.19375 0.058333333333333334
1 0.23151041666666666 0.7222222222222222 0.2296875 0.1
1 0.5809895833333333 0.7314814814814815 0.0578125 0.09259259259259259
1 0.8171875 0.7481481481481481 0.3645833333333333 0.14814814814814814
1 0.8140625 0.6444444444444445 0.11354166666666667 0.022222222222222223
1 0.5380208333333333 0.6481481481481481 0.03125 0.040740740740740744
1 0.47291666666666665 0.6449074074074074 0.078125 0.05462962962962963
1 0.57265625 0.6509259259259259 0.05572916666666667 0.040740740740740744
1 0.3489583333333333 0.6907407407407408 0.10625 0.025925925925925925
4 0.8611979166666667 0.41805555555555557 0.15364583333333334 0.5120370370370371
4 0.4046875 0.5199074074074074 0.030208333333333334 0.2972222222222222
4 0.6744791666666666 0.5486111111111112 0.04479166666666667 0.19537037037037036
