1 0.0515625 0.6518518518518519 0.1 0.05740740740740741
1 0.15520833333333334 0.7416666666666667 0.25833333333333336 0.13333333333333333
1 0.3145833333333333 0.6925925925925925 0.13125 0.046296296296296294
1 0.5372395833333333 0.6388888888888888 0.03177083333333333 0.05925925925925926
1 0.4864583333333333 0.6393518518518518 0.05520833333333333 0.06018518518518518
1 0.57734375 0.6458333333333334 0.06614583333333333 0.06759259259259259
1 0.6265625 0.7712962962962963 0.13645833333333332 0.2037037037037037
1 0.8401041666666667 0.7425925925925926 0.31875 0.14814814814814814
1 0.9104166666666667 0.6504629629629629 0.17395833333333333 0.06018518518518518
1 0.8611979166666667 0.6560185185185186 0.1046875 0.03796296296296296
4 0.91796875 0.36342592592592593 0.15677083333333333 0.5935185185185186
4 0.39088541666666665 0.5055555555555555 0.03697916666666667 0.3537037037037037
4 0.6994791666666667 0.5324074074074074 0.052083333333333336 0.25
