1 0.06067708333333333 0.6574074074074074 0.11822916666666666 0.046296296296296294
1 0.0875 0.7541666666666667 0.17604166666666668 0.13796296296296295
1 0.23489583333333333 0.7064814814814815 0.178125 0.06481481481481481
1 0.5372395833333333 0.6388888888888888 0.03177083333333333 0.05925925925925926
1 0.50078125 0.6402777777777777 0.0265625 0.062037037037037036
1 0.5846354166666666 0.65 0.08072916666666667 0.07592592592592592
1 0.6338541666666667 0.7888888888888889 0.121875 0.1685185185185185
1 0.8705729166666667 0.7726851851851851 0.2578125 0.08796296296296297
1 0.9716145833333333 0.6611111111111111 0.0515625 0.03888888888888889
1 0.7520833333333333 0.6518518518518519 0.378125 0.046296296296296294
1 0.45390625 0.6518518518518519 0.1140625 0.05185185185185185
4 0.9557291666666666 0.29583333333333334 0.08854166666666667 0.5916666666666667
4 0.36432291666666666 0.49166666666666664 0.0359375 0.3907407407407407
4 0.7174479166666666 0.538425925925926 0.05260416666666667 0.2824074074074074
