1 0.2716145833333333 0.6564814814814814 0.2328125 0.05555555555555555
1 0.14973958333333334 0.7226851851851852 0.22239583333333332 0.0712962962962963
1 0.54140625 0.6527777777777778 0.043229166666666666 0.06481481481481481
1 0.50078125 0.6402777777777777 0.0265625 0.062037037037037036
1 0.5958333333333333 0.6555555555555556 0.103125 0.08703703703703704
1 0.6330729166666667 0.7453703703703703 0.0546875 0.07037037037037037
1 0.9380208333333333 0.7930555555555555 0.12291666666666666 0.04722222222222222
1 0.9346354166666667 0.6425925925925926 0.1296875 0.027777777777777776
1 0.7036458333333333 0.6578703703703703 0.28125 0.058333333333333334
1 0.4505208333333333 0.6592592592592592 0.11458333333333333 0.05185185185185185
1 0.72109375 0.8532407407407407 0.08802083333333334 0.04351851851851852
1 0.8958333333333334 0.674074074074074 0.046875 0.02962962962962963
1 0.78125 0.6699074074074074 0.084375 0.023148148148148147
1 0.5572916666666666 0.6680555555555555 0.26979166666666665 0.028703703703703703
4 0.33359375 0.4652777777777778 0.044270833333333336 0.46574074074074073
4 0.7375 0.5106481481481482 0.042708333333333334 0.30462962962962964
