1 0.26901041666666664 0.6523148148148148 0.2328125 0.05462962962962963
1 0.05 0.7736111111111111 0.10104166666666667 0.08425925925925926
1 0.5479166666666667 0.6550925925925926 0.05625 0.06944444444444445
1 0.5018229166666667 0.6444444444444445 0.024479166666666666 0.06666666666666667
1 0.6244791666666667 0.6796296296296296 0.13020833333333334 0.08333333333333333
1 0.72421875 0.8157407407407408 0.1171875 0.12037037037037036
1 0.9645833333333333 0.662962962962963 0.071875 0.06851851851851852
1 0.6447916666666667 0.6578703703703703 0.16354166666666667 0.058333333333333334
1 0.43125 0.6671296296296296 0.15 0.06759259259259259
1 0.5481770833333334 0.6694444444444444 0.27447916666666666 0.03888888888888889
1 0.8356770833333333 0.6736111111111112 0.12552083333333333 0.03611111111111111
4 0.2953125 0.4337962962962963 0.06354166666666666 0.5120370370370371
4 0.7643229166666666 0.5 0.050520833333333334 0.337037037037037
