1 0.19895833333333332 0.6578703703703703 0.29791666666666666 0.04351851851851852
1 0.5565104166666667 0.6615740740740741 0.0671875 0.0787037037037037
1 0.5018229166666667 0.6444444444444445 0.024479166666666666 0.06666666666666667
1 0.6596354166666667 0.6916666666666667 0.20052083333333334 0.10740740740740741
1 0.8841145833333334 0.6666666666666666 0.11927083333333334 0.06296296296296296
1 0.7442708333333333 0.6537037037037037 0.35520833333333335 0.046296296296296294
1 0.2515625 0.6731481481481482 0.503125 0.1
1 0.5591145833333333 0.6731481481481482 0.2921875 0.040740740740740744
4 0.24453125 0.37037037037037035 0.09635416666666667 0.662962962962963
4 0.7979166666666667 0.48518518518518516 0.05416666666666667 0.37962962962962965
