1 0.18151041666666667 0.6592592592592592 0.3640625 0.04259259259259259
1 0.5643229166666667 0.663425925925926 0.0734375 0.08055555555555556
1 0.5018229166666667 0.6444444444444445 0.024479166666666666 0.06666666666666667
1 0.7263020833333333 0.711574074074074 0.3338541666666667 0.14722222222222223
1 0.9427083333333334 0.6671296296296296 0.115625 0.06759259259259259
1 0.7700520833333333 0.6541666666666667 0.4119791666666667 0.05092592592592592
1 0.25416666666666665 0.6976851851851852 0.509375 0.1398148148148148
1 0.7291666666666666 0.7703703703703704 0.2708333333333333 0.1388888888888889
1 0.575 0.6782407407407407 0.35625 0.03611111111111111
4 0.8361979166666667 0.44351851851851853 0.06197916666666667 0.4222222222222222
