1 0.18854166666666666 0.6541666666666667 0.378125 0.05277777777777778
1 0.58203125 0.6768518518518518 0.10885416666666667 0.10740740740740741
1 0.503125 0.6439814814814815 0.021875 0.06574074074074074
1 0.8505208333333333 0.7375 0.2947916666666667 0.08981481481481482
1 0.98359375 0.6569444444444444 0.033854166666666664 0.04722222222222222
1 0.78046875 0.6546296296296297 0.4192708333333333 0.05740740740740741
1 0.25416666666666665 0.6976851851851852 0.509375 0.1398148148148148
1 0.71328125 0.7856481481481481 0.1546875 0.11944444444444445
1 0.5893229166666667 0.6851851851851852 0.4546875 0.044444444444444446
1 0.6091145833333333 0.6620370370370371 0.08385416666666666 0.040740740740740744
4 0.8747395833333333 0.4222222222222222 0.06927083333333334 0.45555555555555555
