1 0.18854166666666666 0.6541666666666667 0.378125 0.05277777777777778
1 0.6171875 0.6967592592592593 0.17916666666666667 0.14722222222222223
1 0.503125 0.6439814814814815 0.021875 0.06574074074074074
1 0.8770833333333333 0.736574074074074 0.2375 0.05462962962962963
1 0.98359375 0.6569444444444444 0.033854166666666664 0.04722222222222222
1 0.78046875 0.6546296296296297 0.4192708333333333 0.05740740740740741
1 0.25859375 0.7226851851851852 0.5078125 0.20092592592592592
1 0.7817708333333333 0.8152777777777778 0.15 0.09537037037037037
1 0.5934895833333333 0.7 0.5088541666666667 0.06666666666666667
1 0.6078125 0.6555555555555556 0.08958333333333333 0.044444444444444446
4 0.9388020833333334 0.3819444444444444 0.08489583333333334 0.5583333333333333
