1 0.11276041666666667 0.6518518518518519 0.2265625 0.05740740740740741
1 0.4861979166666667 0.6768518518518518 0.0546875 0.09259259259259259
1 0.9356770833333333 0.7425925925925926 0.1203125 0.04259259259259259
1 0.25859375 0.7226851851851852 0.5078125 0.20092592592592592
1 0.7510416666666667 0.812037037037037 0.21145833333333333 0.10185185185185185
1 0.78046875 0.6546296296296297 0.4192708333333333 0.05740740740740741
1 0.575 0.7194444444444444 0.640625 0.0962962962962963
1 0.64296875 0.6689814814814815 0.12760416666666666 0.04351851851851852
1 0.5911458333333334 0.674537037037037 0.12708333333333333 0.09907407407407408
4 0.9572916666666667 0.10833333333333334 0.084375 0.21666666666666667
4 0.35911458333333335 0.5967592592592592 0.024479166666666666 0.16018518518518518
