1 0.07708333333333334 0.8171296296296297 0.15104166666666666 0.075
1 0.3848958333333333 0.6837962962962963 0.25416666666666665 0.1398148148148148
1 0.471875 0.6916666666666667 0.0875 0.15555555555555556
1 0.5270833333333333 0.6402777777777777 0.0125 0.03425925925925926
1 0.6614583333333334 0.6675925925925926 0.2 0.07962962962962963
1 0.7479166666666667 0.6726851851851852 0.19583333333333333 0.03425925925925926
1 0.7875 0.6560185185185186 0.42291666666666666 0.03611111111111111
1 0.659375 0.6953703703703704 0.04583333333333333 0.03518518518518519
1 0.7434895833333334 0.6875 0.05572916666666667 0.01574074074074074
1 0.5809895833333333 0.6578703703703703 0.018229166666666668 0.026851851851851852
1 0.6276041666666666 0.6958333333333333 0.19791666666666666 0.14722222222222223
1 0.5604166666666667 0.7625 0.875 0.21388888888888888
1 0.09088541666666666 0.6587962962962963 0.18072916666666666 0.062037037037037036
4 0.3375 0.5851851851851851 0.01875 0.19074074074074074
