1 0.303125 0.712037037037037 0.41770833333333335 0.1962962962962963
1 0.44244791666666666 0.7458333333333333 0.14635416666666667 0.2638888888888889
1 0.5265625 0.649074074074074 0.013541666666666667 0.05185185185185185
1 0.7127604166666667 0.6805555555555556 0.3026041666666667 0.10555555555555556
1 0.80390625 0.6787037037037037 0.3078125 0.046296296296296294
1 0.7875 0.6560185185185186 0.42291666666666666 0.03611111111111111
1 0.7083333333333334 0.7162037037037037 0.07083333333333333 0.05092592592592592
1 0.8135416666666667 0.7032407407407407 0.09791666666666667 0.03981481481481482
1 0.5872395833333334 0.6675925925925926 0.018229166666666668 0.025925925925925925
1 0.7057291666666666 0.7444444444444445 0.3541666666666667 0.24259259259259258
1 0.5075520833333333 0.850925925925926 0.9838541666666667 0.1259259259259259
1 0.05807291666666667 0.6587962962962963 0.11510416666666666 0.062037037037037036
1 0.8638020833333333 0.7166666666666667 0.2682291666666667 0.10555555555555556
4 0.3059895833333333 0.5814814814814815 0.0203125 0.21296296296296297
