1 0.303125 0.712037037037037 0.41770833333333335 0.1962962962962963
1 0.44244791666666666 0.7458333333333333 0.14635416666666667 0.2638888888888889
1 0.5265625 0.649074074074074 0.013541666666666667 0.05185185185185185
1 0.7127604166666667 0.6805555555555556 0.3026041666666667 0.10555555555555556
1 0.8247395833333333 0.6800925925925926 0.3494791666666667 0.049074074074074076
1 0.7875 0.6560185185185186 0.42291666666666666 0.03611111111111111
1 0.803125 0.7527777777777778 0.13229166666666667 0.07037037037037037
1 0.90859375 0.7083333333333334 0.13802083333333334 0.040740740740740744
1 0.5950520833333334 0.6703703703703704 0.018229166666666668 0.025925925925925925
1 0.7216145833333333 0.7453703703703703 0.3859375 0.24444444444444444
1 0.21536458333333333 0.6916666666666667 0.4317708333333333 0.08333333333333333
1 0.9536458333333333 0.8263888888888888 0.09166666666666666 0.10833333333333334
4 0.26875 0.5689814814814815 0.023958333333333335 0.24166666666666667
4 0.3854166666666667 0.5995370370370371 0.019791666666666666 0.1287037037037037
