1 0.2671875 0.7245370370370371 0.4895833333333333 0.2212962962962963
1 0.4557291666666667 0.725925925925926 0.11979166666666667 0.22407407407407406
1 0.5265625 0.649074074074074 0.013541666666666667 0.05185185185185185
1 0.78046875 0.6930555555555555 0.43802083333333336 0.13055555555555556
1 0.8255208333333334 0.6842592592592592 0.3489583333333333 0.04814814814814815
1 0.7875 0.6560185185185186 0.42291666666666666 0.03611111111111111
1 0.9294270833333333 0.7861111111111111 0.1421875 0.06481481481481481
1 0.9807291666666667 0.7175925925925926 0.03958333333333333 0.022222222222222223
1 0.6114583333333333 0.6736111111111112 0.025 0.026851851851851852
1 0.7231770833333333 0.7439814814814815 0.3859375 0.24351851851851852
1 0.2015625 0.6902777777777778 0.4041666666666667 0.08611111111111111
2 0.5416666666666666 0.611574074074074 0.16041666666666668 0.1287037037037037
4 0.21588541666666666 0.5421296296296296 0.03177083333333333 0.31203703703703706
4 0.3731770833333333 0.5935185185185186 0.027604166666666666 0.15555555555555556
