1 0.2671875 0.7245370370370371 0.4895833333333333 0.2212962962962963
1 0.7348958333333333 0.7513888888888889 0.409375 0.25833333333333336
1 0.45338541666666665 0.7449074074074075 0.12447916666666667 0.262037037037037
1 0.5299479166666666 0.6550925925925926 0.0171875 0.06018518518518518
1 0.7869791666666667 0.6986111111111111 0.42083333333333334 0.11944444444444445
1 0.82109375 0.6800925925925926 0.3578125 0.03981481481481482
1 0.7638020833333333 0.663425925925926 0.3171875 0.032407407407407406
1 0.6286458333333333 0.6800925925925926 0.025 0.026851851851851852
1 0.2015625 0.6902777777777778 0.4041666666666667 0.08611111111111111
2 0.54765625 0.6064814814814815 0.17760416666666667 0.1574074074074074
4 0.13020833333333334 0.5162037037037037 0.03229166666666667 0.3527777777777778
4 0.3528645833333333 0.5828703703703704 0.027604166666666666 0.17685185185185184
