1 0.2671875 0.7245370370370371 0.4895833333333333 0.2212962962962963
1 0.7434895833333334 0.7425925925925926 0.4265625 0.24074074074074073
1 0.47109375 0.7138888888888889 0.0890625 0.2
1 0.5307291666666667 0.6523148148148148 0.015625 0.05462962962962963
1 0.7786458333333334 0.6912037037037037 0.4375 0.13055555555555556
1 0.946875 0.6953703703703704 0.10625 0.016666666666666666
1 0.80234375 0.663425925925926 0.39427083333333335 0.032407407407407406
1 0.6575520833333334 0.6907407407407408 0.03697916666666667 0.03148148148148148
1 0.2015625 0.6902777777777778 0.4041666666666667 0.08611111111111111
1 0.49453125 0.6462962962962963 0.04114583333333333 0.05740740740740741
1 0.7317708333333334 0.6810185185185185 0.053125 0.028703703703703703
2 0.54921875 0.6074074074074074 0.1859375 0.1259259259259259
4 0.02421875 0.46435185185185185 0.0453125 0.47314814814814815
4 0.3265625 0.5777777777777777 0.021875 0.1925925925925926
