1 0.2671875 0.7287037037037037 0.4895833333333333 0.22962962962962963
1 0.7473958333333334 0.7481481481481481 0.4270833333333333 0.24074074074074073
1 0.4557291666666667 0.7379629629629629 0.11979166666666667 0.24814814814814815
1 0.5390625 0.6564814814814814 0.019791666666666666 0.06111111111111111
1 0.7796875 0.687962962962963 0.4395833333333333 0.12407407407407407
1 0.8947916666666667 0.6828703703703703 0.21041666666666667 0.028703703703703703
1 0.80546875 0.6615740740740741 0.3880208333333333 0.03611111111111111
1 0.69609375 0.7032407407407407 0.0515625 0.03611111111111111
1 0.18307291666666667 0.6967592592592593 0.3671875 0.07314814814814814
1 0.49453125 0.6462962962962963 0.04114583333333333 0.05740740740740741
1 0.7815104166666667 0.687037037037037 0.0703125 0.02962962962962963
2 0.5528645833333333 0.5944444444444444 0.19739583333333333 0.13703703703703704
4 0.2921875 0.5689814814814815 0.019791666666666666 0.2324074074074074
