1 0.2721354166666667 0.7324074074074074 0.4796875 0.23703703703703705
1 0.7565104166666666 0.7486111111111111 0.4453125 0.24166666666666667
1 0.48151041666666666 0.7 0.06822916666666666 0.17222222222222222
1 0.54140625 0.6611111111111111 0.024479166666666666 0.07037037037037037
1 0.7979166666666667 0.7023148148148148 0.403125 0.09537037037037037
1 0.8640625 0.7 0.11770833333333333 0.025925925925925925
1 0.8059895833333334 0.6597222222222222 0.3880208333333333 0.03611111111111111
1 0.76328125 0.7240740740740741 0.10364583333333334 0.05185185185185185
1 0.16614583333333333 0.7087962962962963 0.3333333333333333 0.049074074074074076
1 0.4890625 0.6578703703703703 0.052083333333333336 0.08055555555555556
1 0.8122395833333333 0.675 0.3734375 0.03518518518518519
2 0.559375 0.5935185185185186 0.21041666666666667 0.14444444444444443
4 0.24348958333333334 0.5537037037037037 0.03177083333333333 0.3074074074074074
