1 0.2677083333333333 0.737037037037037 0.48854166666666665 0.2462962962962963
1 0.7520833333333333 0.7476851851851852 0.43020833333333336 0.24537037037037038
1 0.4669270833333333 0.7393518518518518 0.09739583333333333 0.25092592592592594
1 0.5520833333333334 0.7 0.017708333333333333 0.040740740740740744
1 0.79765625 0.6953703703703704 0.39739583333333334 0.09814814814814815
1 0.9411458333333333 0.7125 0.11770833333333333 0.026851851851851852
1 0.8052083333333333 0.6569444444444444 0.38958333333333334 0.041666666666666664
1 0.8921875 0.7564814814814815 0.18958333333333333 0.08148148148148149
1 0.18020833333333333 0.6981481481481482 0.3614583333333333 0.07037037037037037
1 0.4661458333333333 0.6953703703703704 0.03958333333333333 0.03518518518518519
1 0.8239583333333333 0.674074074074074 0.353125 0.037037037037037035
1 0.50390625 0.662962962962963 0.0171875 0.016666666666666666
1 0.5424479166666667 0.6546296296296297 0.015104166666666667 0.022222222222222223
2 0.5627604166666667 0.5875 0.23177083333333334 0.16018518518518518
4 0.1734375 0.524074074074074 0.03958333333333333 0.34814814814814815
