1 0.2721354166666667 0.7416666666666667 0.4796875 0.25555555555555554
1 0.77109375 0.7509259259259259 0.3953125 0.21296296296296297
1 0.5046875 0.6949074074074074 0.04583333333333333 0.14351851851851852
1 0.56171875 0.7138888888888889 0.0203125 0.05740740740740741
1 0.79921875 0.6912037037037037 0.4005208333333333 0.08981481481481482
1 0.8052083333333333 0.6569444444444444 0.38958333333333334 0.041666666666666664
1 0.9776041666666667 0.7763888888888889 0.04479166666666667 0.05092592592592592
1 0.1640625 0.7055555555555556 0.32916666666666666 0.05555555555555555
1 0.45416666666666666 0.7083333333333334 0.03958333333333333 0.03518518518518519
1 0.78359375 0.674537037037037 0.27239583333333334 0.03796296296296296
1 0.5026041666666666 0.663425925925926 0.019791666666666666 0.017592592592592594
1 0.5411458333333333 0.6532407407407408 0.017708333333333333 0.025
1 0.5549479166666667 0.6449074074074074 0.049479166666666664 0.049074074074074076
2 0.5638020833333334 0.5824074074074074 0.2526041666666667 0.17222222222222222
4 0.07291666666666667 0.48657407407407405 0.052083333333333336 0.44537037037037036
