1 0.28020833333333334 0.7462962962962963 0.44583333333333336 0.23148148148148148
1 0.7908854166666667 0.7583333333333333 0.4046875 0.2074074074074074
1 0.49296875 0.7356481481481482 0.07135416666666666 0.21574074074074073
1 0.57890625 0.7319444444444444 0.03177083333333333 0.06018518518518518
1 0.7799479166666666 0.6884259259259259 0.3619791666666667 0.08425925925925926
1 0.8049479166666667 0.6550925925925926 0.3890625 0.03425925925925926
1 0.14947916666666666 0.7106481481481481 0.3 0.04537037037037037
1 0.42682291666666666 0.7467592592592592 0.050520833333333334 0.04537037037037037
1 0.8234375 0.6754629629629629 0.35208333333333336 0.03981481481481482
1 0.4973958333333333 0.6699074074074074 0.019791666666666666 0.013888888888888888
1 0.5520833333333334 0.6680555555555555 0.017708333333333333 0.025
1 0.5611979166666666 0.6481481481481481 0.0640625 0.05740740740740741
2 0.5669270833333333 0.5814814814814815 0.2755208333333333 0.17222222222222222
