1 0.2955729166666667 0.7449074074074075 0.41510416666666666 0.22870370370370371
1 0.7997395833333333 0.7615740740740741 0.4005208333333333 0.22870370370370371
1 0.5088541666666667 0.7402777777777778 0.06145833333333333 0.25092592592592594
1 0.6255208333333333 0.7958333333333333 0.07395833333333333 0.1175925925925926
1 0.79921875 0.6916666666666667 0.4005208333333333 0.09074074074074075
1 0.8049479166666667 0.6550925925925926 0.3890625 0.03425925925925926
1 0.11354166666666667 0.7148148148148148 0.228125 0.037037037037037035
1 0.3807291666666667 0.8018518518518518 0.11354166666666667 0.10925925925925926
1 0.7703125 0.674537037037037 0.24583333333333332 0.03796296296296296
1 0.49505208333333334 0.6782407407407407 0.024479166666666666 0.030555555555555555
1 0.5591145833333333 0.6782407407407407 0.0171875 0.025
1 0.5674479166666667 0.6481481481481481 0.0828125 0.06851851851851852
2 0.56640625 0.5736111111111111 0.30885416666666665 0.21203703703703702
