1 0.2955729166666667 0.7449074074074075 0.41510416666666666 0.22870370370370371
1 0.8046875 0.7532407407407408 0.38958333333333334 0.20833333333333334
1 0.5033854166666667 0.7467592592592592 0.050520833333333334 0.23796296296296296
1 0.6794270833333333 0.8425925925925926 0.05677083333333333 0.06481481481481481
1 0.7606770833333333 0.6875 0.3234375 0.0824074074074074
1 0.7916666666666666 0.6537037037037037 0.3625 0.03148148148148148
1 0.3546875 0.850925925925926 0.05520833333333333 0.044444444444444446
1 0.8825520833333333 0.6976851851851852 0.11302083333333333 0.019444444444444445
1 0.49505208333333334 0.6782407407407407 0.024479166666666666 0.030555555555555555
1 0.5674479166666667 0.6824074074074075 0.021354166666666667 0.027777777777777776
1 0.5817708333333333 0.6564814814814814 0.103125 0.07777777777777778
1 0.93046875 0.6717592592592593 0.0890625 0.012037037037037037
2 0.58125 0.5643518518518519 0.33541666666666664 0.23981481481481481
