1 0.2955729166666667 0.7449074074074075 0.41510416666666666 0.22870370370370371
1 0.81328125 0.7666666666666667 0.3723958333333333 0.20185185185185187
1 0.5291666666666667 0.7421296296296296 0.03958333333333333 0.25092592592592594
1 0.7984375 0.6898148148148148 0.39895833333333336 0.08703703703703704
1 0.8369791666666667 0.6560185185185186 0.32708333333333334 0.013888888888888888
1 0.9552083333333333 0.6981481481481482 0.08958333333333333 0.022222222222222223
1 0.48723958333333334 0.6967592592592593 0.027604166666666666 0.03796296296296296
1 0.5963541666666666 0.6685185185185185 0.13229166666666667 0.09814814814814815
1 0.8255208333333334 0.6847222222222222 0.08958333333333333 0.023148148148148147
1 0.5828125 0.6967592592592593 0.01875 0.032407407407407406
1 0.51171875 0.6569444444444444 0.019270833333333334 0.030555555555555555
1 0.5486979166666667 0.6643518518518519 0.019270833333333334 0.032407407407407406
2 0.5846354166666666 0.5546296296296296 0.3765625 0.2518518518518518
