1 0.3528645833333333 0.7467592592592592 0.2994791666666667 0.23055555555555557
1 0.8208333333333333 0.7699074074074074 0.3572916666666667 0.19722222222222222
1 0.53359375 0.7013888888888888 0.0453125 0.16203703703703703
1 0.7916666666666666 0.6935185185185185 0.19166666666666668 0.05555555555555555
1 0.8427083333333333 0.6666666666666666 0.3145833333333333 0.022222222222222223
1 0.48151041666666666 0.7199074074074074 0.0421875 0.04351851851851852
1 0.6361979166666667 0.6902777777777778 0.21197916666666666 0.14166666666666666
1 0.8994791666666667 0.687037037037037 0.11458333333333333 0.027777777777777776
1 0.6018229166666667 0.7148148148148148 0.0328125 0.03888888888888889
1 0.51171875 0.6569444444444444 0.019270833333333334 0.030555555555555555
1 0.5518229166666667 0.6671296296296296 0.019270833333333334 0.032407407407407406
2 0.5901041666666667 0.5370370370370371 0.4322916666666667 0.2777777777777778
