1 0.3528645833333333 0.7467592592592592 0.2994791666666667 0.23055555555555557
1 0.8322916666666667 0.7648148148148148 0.334375 0.17962962962962964
1 0.5479166666666667 0.7430555555555556 0.07395833333333333 0.24537037037037038
1 0.9559895833333333 0.7203703703703703 0.08802083333333334 0.020370370370370372
1 0.8377604166666667 0.6787037037037037 0.3255208333333333 0.05925925925925926
1 0.4669270833333333 0.7523148148148148 0.058854166666666666 0.07314814814814814
1 0.5994791666666667 0.674537037037037 0.15416666666666667 0.1287037037037037
1 0.9427083333333334 0.6939814814814815 0.11458333333333333 0.026851851851851852
1 0.6375 0.7407407407407407 0.06770833333333333 0.06851851851851852
1 0.50703125 0.6574074074074074 0.0171875 0.037037037037037035
1 0.5567708333333333 0.6717592592592593 0.01875 0.032407407407407406
2 0.5989583333333334 0.5069444444444444 0.4979166666666667 0.3416666666666667
