1 0.37734375 0.7532407407407408 0.25052083333333336 0.24351851851851852
1 0.8502604166666666 0.7671296296296296 0.2984375 0.15833333333333333
1 0.5375 0.6884259259259259 0.053125 0.1361111111111111
1 0.8375 0.6787037037037037 0.325 0.05925925925925926
1 0.434375 0.8236111111111111 0.09791666666666667 0.11944444444444445
1 0.7447916666666666 0.7388888888888889 0.4322916666666667 0.22592592592592592
1 0.7169270833333333 0.8148148148148148 0.12447916666666667 0.12777777777777777
1 0.5020833333333333 0.6814814814814815 0.017708333333333333 0.037037037037037035
1 0.5630208333333333 0.6763888888888889 0.020833333333333332 0.025
1 0.66328125 0.6912037037037037 0.04114583333333333 0.041666666666666664
1 0.5408854166666667 0.6513888888888889 0.10052083333333334 0.023148148148148147
1 0.634375 0.6578703703703703 0.058333333333333334 0.017592592592592594
2 0.6072916666666667 0.47685185185185186 0.5927083333333333 0.4444444444444444
