1 0.39010416666666664 0.749537037037037 0.225 0.2361111111111111
1 0.8515625 0.7472222222222222 0.29583333333333334 0.11481481481481481
1 0.5635416666666667 0.7319444444444444 0.10520833333333333 0.22314814814814815
1 0.8375 0.6787037037037037 0.325 0.05925925925925926
1 0.7111979166666667 0.7222222222222222 0.3651041666666667 0.1925925925925926
1 0.5020833333333333 0.6814814814814815 0.017708333333333333 0.037037037037037035
1 0.5721354166666667 0.6824074074074075 0.018229166666666668 0.03148148148148148
1 0.7052083333333333 0.7041666666666667 0.05416666666666667 0.03796296296296296
1 0.5455729166666666 0.6541666666666667 0.11197916666666667 0.013888888888888888
1 0.6463541666666667 0.6587962962962963 0.051041666666666666 0.012037037037037037
2 0.6078125 0.43842592592592594 0.7302083333333333 0.5675925925925925
4 0.7052083333333333 0.5287037037037037 0.06458333333333334 0.28703703703703703
