1 0.39479166666666665 0.7523148148148148 0.215625 0.24166666666666667
1 0.8317708333333333 0.7231481481481481 0.33541666666666664 0.10740740740740741
1 0.5744791666666667 0.7462962962962963 0.12708333333333333 0.2518518518518518
1 0.82109375 0.6759259259259259 0.3578125 0.06481481481481481
1 0.7494791666666667 0.7305555555555555 0.44166666666666665 0.20925925925925926
1 0.49713541666666666 0.7027777777777777 0.0234375 0.037037037037037035
1 0.5864583333333333 0.6953703703703704 0.028125 0.03518518518518519
1 0.7744791666666667 0.7226851851851852 0.10104166666666667 0.04537037037037037
1 0.5497395833333333 0.6601851851851852 0.1234375 0.018518518518518517
1 0.6578125 0.6606481481481481 0.06979166666666667 0.019444444444444445
2 0.546875 0.3888888888888889 0.9052083333333333 0.7777777777777778
4 0.725 0.5203703703703704 0.06458333333333334 0.28703703703703703
