1 0.39479166666666665 0.7523148148148148 0.215625 0.24166666666666667
1 0.8317708333333333 0.7152777777777778 0.33541666666666664 0.09166666666666666
1 0.5552083333333333 0.7087962962962963 0.08854166666666667 0.17685185185185184
1 0.82109375 0.6759259259259259 0.3578125 0.06481481481481481
1 0.68125 0.7041666666666667 0.30520833333333336 0.15648148148148147
1 0.4869791666666667 0.7208333333333333 0.03229166666666667 0.06574074074074074
1 0.6104166666666667 0.7152777777777778 0.04583333333333333 0.04722222222222222
1 0.8877604166666667 0.7560185185185185 0.17760416666666667 0.06944444444444445
1 0.5356770833333333 0.6842592592592592 0.1515625 0.024074074074074074
1 0.5494791666666666 0.6615740740740741 0.13854166666666667 0.017592592592592594
1 0.6752604166666667 0.6638888888888889 0.07447916666666667 0.022222222222222223
2 0.9466145833333334 0.07685185185185185 0.10677083333333333 0.1537037037037037
2 0.4864583333333333 0.5041666666666667 0.026041666666666668 0.049074074074074076
4 0.7526041666666666 0.4861111111111111 0.07708333333333334 0.32222222222222224
