1 0.4 0.7449074074074075 0.21770833333333334 0.2490740740740741
1 0.57734375 0.7476851851851852 0.1359375 0.25462962962962965
1 0.7580729166666667 0.7328703703703704 0.4515625 0.1935185185185185
1 0.86953125 0.7134259259259259 0.25885416666666666 0.058333333333333334
1 0.7940104166666667 0.6671296296296296 0.40989583333333335 0.05648148148148148
1 0.6513020833333333 0.7421296296296296 0.0828125 0.07685185185185185
1 0.47682291666666665 0.7625 0.058854166666666666 0.07314814814814814
1 0.54140625 0.6995370370370371 0.19322916666666667 0.019444444444444445
1 0.55703125 0.6703703703703704 0.1640625 0.025925925925925925
1 0.7091145833333333 0.6675925925925926 0.06302083333333333 0.020370370370370372
2 0.48151041666666666 0.48935185185185187 0.027604166666666666 0.05462962962962963
2 0.44869791666666664 0.6226851851851852 0.0359375 0.12685185185185185
4 0.8005208333333333 0.4652777777777778 0.11354166666666667 0.4083333333333333
