1 0.39557291666666666 0.7416666666666667 0.21822916666666667 0.24814814814814815
1 0.57734375 0.7476851851851852 0.1359375 0.25462962962962965
1 0.7580729166666667 0.7328703703703704 0.4515625 0.1935185185185185
1 0.90078125 0.712037037037037 0.1984375 0.027777777777777776
1 0.7955729166666666 0.6685185185185185 0.40989583333333335 0.05555555555555555
1 0.7369791666666666 0.8046296296296296 0.140625 0.1037037037037037
1 0.47213541666666664 0.8162037037037037 0.05260416666666667 0.09907407407407408
1 0.5450520833333333 0.7157407407407408 0.24635416666666668 0.02962962962962963
1 0.5671875 0.6759259259259259 0.19375 0.02962962962962963
1 0.7291666666666666 0.674074074074074 0.06979166666666667 0.022222222222222223
2 0.47630208333333335 0.45925925925925926 0.03177083333333333 0.06296296296296296
2 0.4393229166666667 0.6199074074074075 0.03802083333333333 0.1527777777777778
4 0.8291666666666667 0.4486111111111111 0.11354166666666667 0.4083333333333333
