1 0.4 0.7449074074074075 0.21770833333333334 0.2490740740740741
1 0.57734375 0.7476851851851852 0.1359375 0.25462962962962965
1 0.7635416666666667 0.7324074074074074 0.4625 0.1925925925925926
1 0.7950520833333333 0.6694444444444444 0.4088541666666667 0.05740740740740741
1 0.5619791666666667 0.762962962962963 0.37604166666666666 0.046296296296296294
1 0.5744791666666667 0.6893518518518519 0.24166666666666667 0.03981481481481482
1 0.77109375 0.6708333333333333 0.10260416666666666 0.026851851851851852
2 0.4703125 0.425 0.03229166666666667 0.06666666666666667
2 0.41432291666666665 0.6152777777777778 0.033854166666666664 0.1787037037037037
4 0.8890625 0.4074074074074074 0.13854166666666667 0.5166666666666667
4 0.6997395833333333 0.5273148148148148 0.06510416666666667 0.24537037037037038
4 0.49192708333333335 0.5458333333333333 0.04635416666666667 0.2064814814814815
