1 0.4 0.7449074074074075 0.21770833333333334 0.2490740740740741
1 0.5434895833333333 0.6884259259259259 0.06822916666666666 0.1361111111111111
1 0.7658854166666667 0.7324074074074074 0.4671875 0.1925925925925926
1 0.8015625 0.6699074074074074 0.3958333333333333 0.05648148148148148
1 0.82734375 0.8337962962962963 0.16822916666666668 0.08425925925925926
1 0.5916666666666667 0.7055555555555556 0.29375 0.03518518518518519
1 0.8161458333333333 0.6689814814814815 0.115625 0.03796296296296296
2 0.46041666666666664 0.3662037037037037 0.03229166666666667 0.06574074074074074
2 0.38697916666666665 0.6106481481481482 0.03854166666666667 0.21944444444444444
4 0.9364583333333333 0.3611111111111111 0.12604166666666666 0.5814814814814815
4 0.72265625 0.5157407407407407 0.06822916666666666 0.28888888888888886
4 0.48932291666666666 0.5453703703703704 0.04635416666666667 0.22592592592592592
