1 0.4 0.7449074074074075 0.21770833333333334 0.2490740740740741
1 0.57109375 0.7384259259259259 0.1234375 0.2361111111111111
1 0.76171875 0.7314814814814815 0.47552083333333334 0.19444444444444445
1 0.8015625 0.6699074074074074 0.3958333333333333 0.05648148148148148
1 0.6059895833333333 0.7236111111111111 0.3963541666666667 0.07314814814814814
1 0.88046875 0.6805555555555556 0.10260416666666666 0.03333333333333333
2 0.4453125 0.27361111111111114 0.053125 0.09907407407407408
2 0.33046875 0.6074074074074074 0.0515625 0.3277777777777778
4 0.746875 0.5055555555555555 0.071875 0.31666666666666665
4 0.4859375 0.5254629629629629 0.05520833333333333 0.25833333333333336
