1 0.36015625 0.7912037037037037 0.14427083333333332 0.1675925925925926
1 0.5734375 0.7439814814814815 0.128125 0.24722222222222223
1 0.76171875 0.7314814814814815 0.47552083333333334 0.19444444444444445
1 0.8015625 0.6699074074074074 0.3958333333333333 0.05648148148148148
1 0.6763020833333333 0.75 0.6463541666666667 0.17222222222222222
1 0.4908854166666667 0.6555555555555556 0.033854166666666664 0.053703703703703705
2 0.41328125 0.09768518518518518 0.08072916666666667 0.12314814814814815
2 0.19166666666666668 0.5597222222222222 0.10104166666666667 0.5675925925925925
4 0.77578125 0.4861111111111111 0.0828125 0.3592592592592593
4 0.4830729166666667 0.5166666666666667 0.06197916666666667 0.3
