1 0.35703125 0.7824074074074074 0.07760416666666667 0.1111111111111111
1 0.5796875 0.7472222222222222 0.125 0.23148148148148148
1 0.74765625 0.7074074074074074 0.4276041666666667 0.1537037037037037
1 0.7861979166666667 0.6643518518518519 0.4265625 0.06759259259259259
1 0.48411458333333335 0.6564814814814814 0.04739583333333333 0.05555555555555555
1 0.25807291666666665 0.6847222222222222 0.11927083333333334 0.05462962962962963
1 0.50625 0.8550925925925926 0.38333333333333336 0.08981481481481482
1 0.8489583333333334 0.7717592592592593 0.296875 0.19537037037037036
4 0.81484375 0.4550925925925926 0.09947916666666666 0.41203703703703703
4 0.4791666666666667 0.5 0.071875 0.3333333333333333
