1 0.04401041666666667 0.7148148148148148 0.07760416666666667 0.10925925925925926
1 0.109375 0.6773148148148148 0.19895833333333332 0.07685185185185185
1 0.4703125 0.675 0.075 0.08703703703703704
1 0.5515625 0.7027777777777777 0.078125 0.14814814814814814
1 0.5973958333333333 0.6708333333333333 0.13020833333333334 0.0787037037037037
1 0.7783854166666667 0.6921296296296297 0.3703125 0.08981481481481482
1 0.79921875 0.6712962962962963 0.39114583333333336 0.06111111111111111
1 0.9463541666666667 0.8009259259259259 0.10520833333333333 0.07962962962962963
4 0.4630208333333333 0.4615740740740741 0.128125 0.5175925925925926
4 0.9234375 0.37175925925925923 0.13020833333333334 0.5879629629629629
