1 0.63515625 0.6851851851851852 0.30052083333333335 0.027777777777777776
1 0.2604166666666667 0.6685185185185185 0.5125 0.08148148148148149
1 0.25 0.7208333333333333 0.44583333333333336 0.06574074074074074
1 0.25 0.7208333333333333 0.44583333333333336 0.06574074074074074
1 0.8734375 0.6958333333333333 0.25104166666666666 0.023148148148148147
1 0.9083333333333333 0.7513888888888889 0.165625 0.11203703703703703
1 0.528125 0.6597222222222222 0.036458333333333336 0.05092592592592592
1 0.93828125 0.6648148148148149 0.1203125 0.009259259259259259
4 0.46041666666666664 0.48564814814814816 0.07604166666666666 0.38425925925925924
4 0.6111979166666667 0.5884259259259259 0.03697916666666667 0.11018518518518519
