0 0.8864583333333333 0.6837962962962963 0.225 0.06388888888888888
0 0.8096354166666667 0.7398148148148148 0.3796875 0.13703703703703704
1 0.34791666666666665 0.7625 0.10416666666666667 0.20462962962962963
1 0.8130208333333333 0.7824074074074074 0.3729166666666667 0.1962962962962963
1 0.9369791666666667 0.6430555555555556 0.10833333333333334 0.058333333333333334
1 0.6161458333333333 0.6606481481481481 0.12916666666666668 0.026851851851851852
1 0.4596354166666667 0.6712962962962963 0.11510416666666666 0.037037037037037035
4 0.24947916666666667 0.5092592592592593 0.06979166666666667 0.31851851851851853
4 0.49557291666666664 0.562962962962963 0.050520833333333334 0.20185185185185187
4 0.671875 0.5546296296296296 0.04895833333333333 0.2111111111111111
