0 0.8096354166666667 0.7398148148148148 0.3796875 0.13703703703703704
0 0.8854166666666666 0.6851851851851852 0.225 0.06481481481481481
1 0.34739583333333335 0.7736111111111111 0.11770833333333333 0.21574074074074073
1 0.44869791666666664 0.6643518518518519 0.11510416666666666 0.03611111111111111
1 0.61484375 0.6657407407407407 0.14739583333333334 0.037037037037037035
1 0.9369791666666667 0.6430555555555556 0.10833333333333334 0.058333333333333334
1 0.8114583333333333 0.7736111111111111 0.36666666666666664 0.19166666666666668
4 0.24869791666666666 0.5055555555555555 0.06822916666666666 0.32592592592592595
4 0.49557291666666664 0.562962962962963 0.050520833333333334 0.20185185185185187
4 0.671875 0.5546296296296296 0.04895833333333333 0.2111111111111111
