0 0.8114583333333333 0.7430555555555556 0.3729166666666667 0.125
0 0.88515625 0.687962962962963 0.22135416666666666 0.07777777777777778
1 0.61171875 0.6606481481481481 0.14010416666666667 0.032407407407407406
1 0.9252604166666667 0.6555555555555556 0.1359375 0.044444444444444446
1 0.85703125 0.7972222222222223 0.28177083333333336 0.13333333333333333
1 0.34739583333333335 0.7736111111111111 0.11770833333333333 0.21574074074074073
1 0.44869791666666664 0.6643518518518519 0.11510416666666666 0.03611111111111111
4 0.4861979166666667 0.5601851851851852 0.05260416666666667 0.1962962962962963
4 0.6747395833333333 0.5587962962962963 0.0515625 0.2212962962962963
4 0.24869791666666666 0.5055555555555555 0.06822916666666666 0.32592592592592595
