0 0.8114583333333333 0.7430555555555556 0.3729166666666667 0.125
0 0.88515625 0.687962962962963 0.22135416666666666 0.07777777777777778
1 0.3572916666666667 0.7782407407407408 0.13229166666666667 0.175
1 0.41796875 0.6685185185185185 0.1671875 0.037037037037037035
1 0.61171875 0.6606481481481481 0.14010416666666667 0.032407407407407406
1 0.9252604166666667 0.6555555555555556 0.1359375 0.044444444444444446
1 0.8575520833333333 0.8111111111111111 0.2828125 0.10555555555555556
4 0.24348958333333334 0.5106481481481482 0.09010416666666667 0.36574074074074076
4 0.4861979166666667 0.5601851851851852 0.05260416666666667 0.1962962962962963
4 0.6747395833333333 0.5587962962962963 0.0515625 0.2212962962962963
