0 0.8236979166666667 0.7055555555555556 0.24947916666666667 0.07407407407407407
0 0.6484375 0.6972222222222222 0.06354166666666666 0.03518518518518519
1 0.35625 0.7305555555555555 0.23125 0.07777777777777778
1 0.12135416666666667 0.6842592592592592 0.23020833333333332 0.05555555555555555
1 0.6111979166666667 0.6759259259259259 0.2546875 0.03888888888888889
1 0.4786458333333333 0.6587962962962963 0.057291666666666664 0.05277777777777778
1 0.5302083333333333 0.6569444444444444 0.020833333333333332 0.03425925925925926
1 0.054427083333333334 0.6412037037037037 0.10572916666666667 0.062037037037037036
1 0.8838541666666667 0.6611111111111111 0.20833333333333334 0.027777777777777776
1 0.57421875 0.6578703703703703 0.0640625 0.03425925925925926
4 0.7494791666666667 0.5074074074074074 0.06666666666666667 0.31851851851851853
4 0.48854166666666665 0.525 0.051041666666666666 0.26666666666666666
4 0.0421875 0.16898148148148148 0.08541666666666667 0.23055555555555557
