0 0.8565104166666667 0.7087962962962963 0.2786458333333333 0.06759259259259259
0 0.34401041666666665 0.7351851851851852 0.23489583333333333 0.06851851851851852
1 0.6088541666666667 0.6810185185185185 0.30104166666666665 0.025
1 0.10364583333333334 0.6930555555555555 0.20729166666666668 0.04351851851851852
1 0.03515625 0.6467592592592593 0.0671875 0.06018518518518518
1 0.6604166666666667 0.6981481481481482 0.07916666666666666 0.05185185185185185
1 0.4861979166666667 0.6611111111111111 0.043229166666666666 0.05925925925925926
1 0.5291666666666667 0.6657407407407407 0.034375 0.037037037037037035
1 0.9075520833333334 0.6694444444444444 0.18385416666666668 0.03148148148148148
1 0.5692708333333333 0.663425925925926 0.08541666666666667 0.03796296296296296
4 0.7721354166666666 0.49074074074074076 0.06614583333333333 0.31851851851851853
4 0.48854166666666665 0.5162037037037037 0.0625 0.32685185185185184
