0 0.3234375 0.749537037037037 0.26145833333333335 0.08425925925925926
0 0.8651041666666667 0.7185185185185186 0.2708333333333333 0.08703703703703704
0 0.6783854166666666 0.7074074074074074 0.08802083333333334 0.05555555555555555
1 0.09192708333333334 0.6689814814814815 0.18385416666666668 0.0712962962962963
1 0.6330729166666667 0.6842592592592592 0.3765625 0.04259259259259259
1 0.4817708333333333 0.6717592592592593 0.05520833333333333 0.058333333333333334
1 0.5377604166666666 0.6763888888888889 0.0328125 0.04722222222222222
1 0.5856770833333333 0.6662037037037037 0.0671875 0.041666666666666664
2 0.64609375 0.5828703703703704 0.06614583333333333 0.15648148148148147
4 0.4890625 0.5226851851851851 0.07291666666666667 0.3398148148148148
4 0.8015625 0.48055555555555557 0.08020833333333334 0.3425925925925926
