0 0.29661458333333335 0.7615740740740741 0.30052083333333335 0.11574074074074074
0 0.8721354166666667 0.7143518518518519 0.25677083333333334 0.07314814814814814
0 0.6984375 0.7129629629629629 0.09791666666666667 0.06111111111111111
1 0.07578125 0.6648148148148149 0.1515625 0.07222222222222222
1 0.6434895833333333 0.6787037037037037 0.38385416666666666 0.053703703703703705
1 0.8666666666666667 0.6578703703703703 0.265625 0.05092592592592592
1 0.47578125 0.6578703703703703 0.0578125 0.058333333333333334
1 0.5346354166666667 0.6615740740740741 0.0421875 0.06388888888888888
1 0.5783854166666667 0.6555555555555556 0.09427083333333333 0.053703703703703705
1 0.27265625 0.6851851851851852 0.33697916666666666 0.05740740740740741
2 0.6559895833333333 0.5851851851851851 0.0546875 0.13333333333333333
4 0.4828125 0.4986111111111111 0.07708333333333334 0.35833333333333334
4 0.809375 0.4759259259259259 0.08020833333333334 0.3425925925925926
