0 0.26145833333333335 0.7981481481481482 0.36041666666666666 0.17222222222222222
0 0.7458333333333333 0.712037037037037 0.16145833333333334 0.08703703703703704
0 0.8869791666666667 0.7064814814814815 0.225 0.05740740740740741
1 0.05234375 0.6375 0.1046875 0.16203703703703703
1 0.6466145833333333 0.6754629629629629 0.40989583333333335 0.062037037037037036
1 0.4734375 0.6648148148148149 0.078125 0.07037037037037037
1 0.5302083333333333 0.6597222222222222 0.03854166666666667 0.04537037037037037
1 0.5893229166666667 0.6662037037037037 0.10677083333333333 0.04722222222222222
1 0.8713541666666667 0.6606481481481481 0.25625 0.025
1 0.25416666666666665 0.6930555555555555 0.35520833333333335 0.08055555555555556
2 0.6588541666666666 0.5856481481481481 0.052083333333333336 0.15648148148148147
4 0.4828125 0.4986111111111111 0.07708333333333334 0.35833333333333334
4 0.8239583333333333 0.4726851851851852 0.10208333333333333 0.4287037037037037
