0 0.21484375 0.787962962962963 0.3963541666666667 0.17962962962962964
0 0.76015625 0.7388888888888889 0.17864583333333334 0.09814814814814815
0 0.9010416666666666 0.7041666666666667 0.196875 0.03796296296296296
1 0.03828125 0.6212962962962963 0.07760416666666667 0.15555555555555556
1 0.6541666666666667 0.6944444444444444 0.428125 0.04814814814814815
1 0.24947916666666667 0.7069444444444445 0.3697916666666667 0.0712962962962963
1 0.4700520833333333 0.6731481481481482 0.08177083333333333 0.07037037037037037
1 0.5453125 0.6759259259259259 0.04895833333333333 0.07222222222222222
1 0.5911458333333334 0.6675925925925926 0.11354166666666667 0.06481481481481481
1 0.8989583333333333 0.6620370370370371 0.19270833333333334 0.024074074074074074
2 0.66875 0.5787037037037037 0.05 0.1425925925925926
4 0.4890625 0.49722222222222223 0.09166666666666666 0.4074074074074074
4 0.8239583333333333 0.4726851851851852 0.10208333333333333 0.4287037037037037
