0 0.8239583333333333 0.7518518518518519 0.225 0.1111111111111111
1 0.19244791666666666 0.8185185185185185 0.3859375 0.12407407407407407
1 0.66953125 0.6930555555555555 0.4703125 0.07314814814814814
1 0.21614583333333334 0.7101851851851851 0.4322916666666667 0.05
1 0.46536458333333336 0.6652777777777777 0.09739583333333333 0.09907407407407408
1 0.5458333333333333 0.6703703703703704 0.04895833333333333 0.07037037037037037
1 0.603125 0.6652777777777777 0.13125 0.07685185185185185
1 0.8598958333333333 0.6916666666666667 0.2791666666666667 0.05555555555555555
2 0.6755208333333333 0.5814814814814815 0.05520833333333333 0.16296296296296298
4 0.4890625 0.49444444444444446 0.08958333333333333 0.4203703703703704
4 0.8619791666666666 0.4305555555555556 0.10833333333333334 0.4777777777777778
