1 0.09973958333333334 0.6824074074074075 0.18489583333333334 0.1037037037037037
1 0.88125 0.6824074074074075 0.12604166666666666 0.15925925925925927
1 0.52734375 0.7023148148148148 0.6901041666666666 0.1527777777777778
1 0.9526041666666667 0.6476851851851851 0.027083333333333334 0.04537037037037037
1 0.9505208333333334 0.6851851851851852 0.096875 0.04814814814814815
1 0.9822916666666667 0.6412037037037037 0.025 0.05277777777777778
2 0.7388020833333333 0.49583333333333335 0.14322916666666666 0.43425925925925923
2 0.06510416666666667 0.524537037037037 0.051041666666666666 0.20462962962962963
4 0.24322916666666666 0.37962962962962965 0.084375 0.687037037037037
4 0.92421875 0.4949074074074074 0.06822916666666666 0.275
