1 0.3453125 0.7212962962962963 0.684375 0.1574074074074074
1 0.8419270833333333 0.7550925925925925 0.1828125 0.23055555555555557
1 0.940625 0.7625 0.11875 0.03611111111111111
1 0.67109375 0.7759259259259259 0.09010416666666667 0.12037037037037036
1 0.8776041666666666 0.7032407407407407 0.0625 0.062037037037037036
1 0.9606770833333333 0.6884259259259259 0.0546875 0.028703703703703703
1 0.9234375 0.6958333333333333 0.090625 0.06759259259259259
2 0.53984375 0.4546296296296296 0.2682291666666667 0.6703703703703704
2 0.5953125 0.6027777777777777 0.027083333333333334 0.1259259259259259
2 0.5666666666666667 0.5800925925925926 0.022916666666666665 0.14166666666666666
4 0.7627604166666667 0.5370370370370371 0.08385416666666666 0.37962962962962965
