1 0.20885416666666667 0.7287037037037037 0.41770833333333335 0.18518518518518517
1 0.8734375 0.6782407407407407 0.2520833333333333 0.03981481481481482
1 0.39453125 0.7597222222222222 0.1578125 0.21944444444444444
1 0.5028645833333333 0.6990740740740741 0.0484375 0.07962962962962963
1 0.5752604166666667 0.7569444444444444 0.18385416666666668 0.225
1 0.8606770833333334 0.7171296296296297 0.07864583333333333 0.03796296296296296
1 0.8947916666666667 0.6935185185185185 0.05520833333333333 0.027777777777777776
1 0.8940104166666667 0.7486111111111111 0.08697916666666666 0.04537037037037037
2 0.4158854166666667 0.5537037037037037 0.0953125 0.2351851851851852
4 0.515625 0.5532407407407407 0.06354166666666666 0.21944444444444444
