0 0.3026041666666667 0.6856481481481481 0.019791666666666666 0.032407407407407406
0 0.453125 0.6930555555555555 0.03125 0.03611111111111111
0 0.4395833333333333 0.7148148148148148 0.035416666666666666 0.03888888888888889
0 0.32421875 0.7013888888888888 0.03177083333333333 0.11574074074074074
0 0.30078125 0.6652777777777777 0.021354166666666667 0.017592592592592594
1 0.5817708333333333 0.7611111111111111 0.30833333333333335 0.2
1 0.14166666666666666 0.725462962962963 0.27395833333333336 0.1712962962962963
1 0.18411458333333333 0.7550925925925925 0.1171875 0.0824074074074074
1 0.36276041666666664 0.7787037037037037 0.050520833333333334 0.07407407407407407
5 0.63515625 0.37777777777777777 0.21927083333333333 0.7555555555555555
