0 0.29609375 0.6865740740740741 0.018229166666666668 0.025
0 0.45859375 0.6925925925925925 0.0359375 0.03148148148148148
0 0.31197916666666664 0.7013888888888888 0.0375 0.09722222222222222
0 0.43802083333333336 0.7152777777777778 0.035416666666666666 0.049074074074074076
0 0.29973958333333334 0.6620370370370371 0.018229166666666668 0.020370370370370372
1 0.5828125 0.7611111111111111 0.31875 0.20555555555555555
1 0.13984375 0.7064814814814815 0.2796875 0.10555555555555556
1 0.17083333333333334 0.7574074074074074 0.125 0.08333333333333333
1 0.359375 0.7861111111111111 0.05 0.09259259259259259
5 0.65 0.37916666666666665 0.21875 0.7583333333333333
