0 0.29375 0.6916666666666667 0.01875 0.02962962962962963
0 0.45390625 0.6949074074074074 0.0296875 0.032407407407407406
0 0.434375 0.7208333333333333 0.042708333333333334 0.075
0 0.30572916666666666 0.7 0.053125 0.10555555555555556
0 0.2986979166666667 0.662962962962963 0.013020833333333334 0.022222222222222223
1 0.5796875 0.7597222222222222 0.33125 0.19537037037037036
1 0.13671875 0.7037037037037037 0.2734375 0.1
1 0.15546875 0.7583333333333333 0.12760416666666666 0.08518518518518518
1 0.35130208333333335 0.7828703703703703 0.06510416666666667 0.08796296296296297
4 0.23515625 0.5138888888888888 0.049479166666666664 0.20555555555555555
5 0.6653645833333334 0.3814814814814815 0.21510416666666668 0.762962962962963
