0 0.45625 0.6962962962962963 0.030208333333333334 0.03148148148148148
0 0.29401041666666666 0.662962962962963 0.0171875 0.018518518518518517
0 0.2911458333333333 0.687962962962963 0.034375 0.022222222222222223
0 0.42734375 0.7171296296296297 0.0515625 0.0712962962962963
0 0.303125 0.6990740740740741 0.057291666666666664 0.1037037037037037
1 0.57109375 0.7587962962962963 0.32864583333333336 0.20092592592592592
1 0.13802083333333334 0.7291666666666666 0.26666666666666666 0.1638888888888889
1 0.13463541666666667 0.7652777777777777 0.1328125 0.08796296296296297
1 0.3359375 0.7944444444444444 0.065625 0.1259259259259259
4 0.23177083333333334 0.5180555555555556 0.05 0.225
5 0.6880208333333333 0.38981481481481484 0.2125 0.7796296296296297
