0 0.4544270833333333 0.6949074074074074 0.044270833333333336 0.032407407407407406
0 0.2921875 0.6606481481481481 0.021875 0.032407407407407406
0 0.2828125 0.6902777777777778 0.023958333333333335 0.032407407407407406
0 0.28984375 0.7055555555555556 0.06302083333333333 0.11296296296296296
0 0.42135416666666664 0.7194444444444444 0.05625 0.08518518518518518
1 0.5677083333333334 0.7611111111111111 0.3333333333333333 0.21666666666666667
1 0.13776041666666666 0.7 0.2734375 0.1111111111111111
1 0.11875 0.7680555555555556 0.13333333333333333 0.08981481481481482
1 0.3294270833333333 0.7962962962962963 0.06822916666666666 0.12222222222222222
4 0.23177083333333334 0.5180555555555556 0.05 0.225
