0 0.4171875 0.7208333333333333 0.057291666666666664 0.08796296296296297
0 0.45390625 0.7023148148148148 0.03697916666666667 0.03611111111111111
0 0.39947916666666666 0.6685185185185185 0.016666666666666666 0.024074074074074074
0 0.2794270833333333 0.7106481481481481 0.07135416666666666 0.11574074074074074
0 0.28671875 0.6611111111111111 0.025520833333333333 0.027777777777777776
0 0.27760416666666665 0.6898148148148148 0.036458333333333336 0.018518518518518517
1 0.13567708333333334 0.700925925925926 0.2703125 0.10925925925925926
1 0.5765625 0.7597222222222222 0.328125 0.20833333333333334
1 0.090625 0.7726851851851851 0.14791666666666667 0.09351851851851851
1 0.32083333333333336 0.8004629629629629 0.08854166666666667 0.10277777777777777
4 0.23098958333333333 0.5166666666666667 0.050520833333333334 0.22407407407407406
