0 0.28619791666666666 0.6638888888888889 0.0171875 0.02962962962962963
0 0.2708333333333333 0.687962962962963 0.041666666666666664 0.024074074074074074
0 0.40390625 0.6680555555555555 0.0203125 0.032407407407407406
0 0.45729166666666665 0.700925925925926 0.046875 0.03333333333333333
0 0.4127604166666667 0.7212962962962963 0.0671875 0.12037037037037036
0 0.27057291666666666 0.7356481481481482 0.09010416666666667 0.08425925925925926
1 0.134375 0.6972222222222222 0.2625 0.09814814814814815
1 0.5768229166666666 0.7587962962962963 0.3255208333333333 0.2101851851851852
1 0.08385416666666666 0.7703703703703704 0.12395833333333334 0.06296296296296296
1 0.3059895833333333 0.8097222222222222 0.06510416666666667 0.11388888888888889
4 0.22734375 0.5166666666666667 0.050520833333333334 0.22407407407407406
