0 0.45703125 0.7032407407407407 0.04635416666666667 0.04351851851851852
0 0.28541666666666665 0.6615740740740741 0.026041666666666668 0.026851851851851852
0 0.3997395833333333 0.6689814814814815 0.0234375 0.025
0 0.26796875 0.6935185185185185 0.044270833333333336 0.02962962962962963
0 0.40989583333333335 0.7324074074074074 0.0625 0.1259259259259259
0 0.25625 0.7509259259259259 0.12395833333333334 0.09814814814814815
0 0.16223958333333333 0.6944444444444444 0.20677083333333332 0.09074074074074075
1 0.575 0.7615740740740741 0.3260416666666667 0.20462962962962963
1 0.8375 0.700925925925926 0.28854166666666664 0.07407407407407407
1 0.06432291666666666 0.7912037037037037 0.0921875 0.0712962962962963
4 0.22890625 0.5148148148148148 0.050520833333333334 0.22407407407407406
