0 0.4109375 0.7398148148148148 0.06458333333333334 0.1425925925925926
0 0.28411458333333334 0.6657407407407407 0.021354166666666667 0.025925925925925925
0 0.25729166666666664 0.6958333333333333 0.053125 0.03425925925925926
0 0.4627604166666667 0.7055555555555556 0.034895833333333334 0.044444444444444446
0 0.40338541666666666 0.6717592592592593 0.027604166666666666 0.019444444444444445
0 0.24010416666666667 0.749537037037037 0.15208333333333332 0.12685185185185185
0 0.14505208333333333 0.7 0.2421875 0.08703703703703704
1 0.5747395833333333 0.7606481481481482 0.3255208333333333 0.19722222222222222
1 0.85234375 0.6944444444444444 0.29635416666666664 0.044444444444444446
1 0.044270833333333336 0.7847222222222222 0.08020833333333334 0.0712962962962963
4 0.22630208333333332 0.5180555555555556 0.050520833333333334 0.225
