0 0.21666666666666667 0.7638888888888888 0.190625 0.13518518518518519
0 0.40572916666666664 0.7615740740740741 0.06354166666666666 0.17685185185185184
0 0.56953125 0.7597222222222222 0.31614583333333335 0.19907407407407407
0 0.4625 0.7162037037037037 0.04479166666666667 0.04537037037037037
0 0.40677083333333336 0.6708333333333333 0.019791666666666666 0.028703703703703703
0 0.3541666666666667 0.7171296296296297 0.028125 0.03796296296296296
0 0.28359375 0.6652777777777777 0.018229166666666668 0.019444444444444445
0 0.24973958333333332 0.6981481481481482 0.05572916666666667 0.02962962962962963
0 0.13515625 0.6986111111111111 0.25885416666666666 0.09166666666666666
1 0.86953125 0.6916666666666667 0.2598958333333333 0.05555555555555555
4 0.2265625 0.5282407407407408 0.053125 0.275
