0 0.57421875 0.7652777777777777 0.31302083333333336 0.20092592592592592
0 0.3966145833333333 0.7662037037037037 0.0609375 0.19166666666666668
0 0.40729166666666666 0.6773148148148148 0.021875 0.01574074074074074
0 0.4674479166666667 0.7203703703703703 0.0421875 0.04259259259259259
0 0.3494791666666667 0.7106481481481481 0.03125 0.05277777777777778
0 0.2799479166666667 0.6666666666666666 0.021354166666666667 0.018518518518518517
0 0.24453125 0.7046296296296296 0.06510416666666667 0.037037037037037035
0 0.2046875 0.7648148148148148 0.22604166666666667 0.14814814814814814
0 0.13307291666666668 0.6967592592592593 0.2630208333333333 0.08981481481481482
1 0.8096354166666667 0.7018518518518518 0.1484375 0.06666666666666667
4 0.2265625 0.5282407407407408 0.053125 0.275
