0 0.5794270833333334 0.7611111111111111 0.3098958333333333 0.2074074074074074
0 0.12682291666666667 0.6925925925925925 0.25364583333333335 0.08703703703703704
0 0.40911458333333334 0.6777777777777778 0.021354166666666667 0.024074074074074074
0 0.4708333333333333 0.725462962962963 0.05625 0.05092592592592592
0 0.34453125 0.7236111111111111 0.0359375 0.06018518518518518
0 0.22864583333333333 0.7106481481481481 0.059375 0.032407407407407406
0 0.28072916666666664 0.6680555555555555 0.023958333333333335 0.023148148148148147
0 0.39479166666666665 0.7597222222222222 0.065625 0.20277777777777778
0 0.18203125 0.763425925925926 0.24635416666666668 0.16018518518518518
1 0.8674479166666667 0.7060185185185185 0.2640625 0.075
4 0.2265625 0.5282407407407408 0.053125 0.275
