0 0.5809895833333333 0.7736111111111111 0.3067708333333333 0.21203703703703702
0 0.39010416666666664 0.7648148148148148 0.058333333333333334 0.19444444444444445
0 0.340625 0.7402777777777778 0.03958333333333333 0.06388888888888888
0 0.47890625 0.7388888888888889 0.049479166666666664 0.07962962962962963
0 0.41328125 0.6819444444444445 0.0296875 0.032407407407407406
0 0.2752604166666667 0.6731481481481482 0.024479166666666666 0.024074074074074074
0 0.21692708333333333 0.7111111111111111 0.0734375 0.040740740740740744
0 0.34453125 0.6601851851851852 0.19322916666666667 0.03148148148148148
0 0.17838541666666666 0.774074074074074 0.2546875 0.1574074074074074
0 0.12604166666666666 0.6990740740740741 0.24895833333333334 0.08333333333333333
1 0.8682291666666667 0.6981481481481482 0.2635416666666667 0.07407407407407407
4 0.22395833333333334 0.5189814814814815 0.053125 0.275
