0 0.5765625 0.7648148148148148 0.290625 0.20185185185185187
0 0.12708333333333333 0.6967592592592593 0.24791666666666667 0.09722222222222222
0 0.32864583333333336 0.7444444444444445 0.040625 0.0962962962962963
0 0.48125 0.7476851851851852 0.05416666666666667 0.08981481481481482
0 0.4234375 0.6861111111111111 0.035416666666666666 0.046296296296296294
0 0.27291666666666664 0.675 0.027083333333333334 0.025925925925925925
0 0.19401041666666666 0.7189814814814814 0.0828125 0.05092592592592592
0 0.34375 0.6671296296296296 0.19583333333333333 0.026851851851851852
0 0.39166666666666666 0.7615740740740741 0.057291666666666664 0.18981481481481483
0 0.17682291666666666 0.7620370370370371 0.2526041666666667 0.16111111111111112
1 0.8682291666666667 0.6981481481481482 0.2635416666666667 0.07407407407407407
4 0.22395833333333334 0.5189814814814815 0.053125 0.275
