0 0.5731770833333333 0.7689814814814815 0.2713541666666667 0.20462962962962963
0 0.17473958333333334 0.7555555555555555 0.25885416666666666 0.1814814814814815
0 0.3182291666666667 0.7578703703703704 0.052083333333333336 0.08611111111111111
0 0.4903645833333333 0.7611111111111111 0.0578125 0.09444444444444444
0 0.4234375 0.6861111111111111 0.035416666666666666 0.046296296296296294
0 0.2713541666666667 0.6791666666666667 0.016666666666666666 0.019444444444444445
0 0.17161458333333332 0.7310185185185185 0.11197916666666667 0.049074074074074076
0 0.38697916666666665 0.7689814814814815 0.05 0.1935185185185185
0 0.12786458333333334 0.6986111111111111 0.2453125 0.08981481481481482
0 0.3497395833333333 0.6689814814814815 0.20677083333333332 0.032407407407407406
1 0.9036458333333334 0.6930555555555555 0.19270833333333334 0.08425925925925926
4 0.22395833333333334 0.5189814814814815 0.053125 0.275
