0 0.5901041666666667 0.774537037037037 0.28854166666666664 0.2101851851851852
0 0.12369791666666667 0.6958333333333333 0.24739583333333334 0.09351851851851851
0 0.3026041666666667 0.7759259259259259 0.07083333333333333 0.09259259259259259
0 0.5020833333333333 0.7819444444444444 0.06979166666666667 0.11944444444444445
0 0.4234375 0.6861111111111111 0.035416666666666666 0.046296296296296294
0 0.271875 0.6800925925925926 0.027083333333333334 0.021296296296296296
0 0.15572916666666667 0.7342592592592593 0.128125 0.06481481481481481
0 0.3533854166666667 0.6689814814814815 0.23177083333333334 0.03425925925925926
0 0.38515625 0.7726851851851851 0.0453125 0.19722222222222222
0 0.17395833333333333 0.763425925925926 0.275 0.16944444444444445
1 0.8830729166666667 0.6981481481481482 0.22552083333333334 0.1259259259259259
4 0.22578125 0.5023148148148148 0.05260416666666667 0.275
