0 0.58046875 0.7643518518518518 0.25677083333333334 0.20462962962962963
0 0.12057291666666667 0.6949074074074074 0.24114583333333334 0.08425925925925926
0 0.2825520833333333 0.788425925925926 0.0921875 0.10092592592592593
0 0.43645833333333334 0.6962962962962963 0.035416666666666666 0.046296296296296294
0 0.5046875 0.7902777777777777 0.06979166666666667 0.11944444444444445
0 0.11953125 0.7439814814814815 0.14739583333333334 0.05648148148148148
0 0.26276041666666666 0.6819444444444445 0.034895833333333334 0.025
0 0.38671875 0.7699074074074074 0.03697916666666667 0.19722222222222222
0 0.17395833333333333 0.7560185185185185 0.26875 0.17314814814814813
0 0.353125 0.6662037037037037 0.23958333333333334 0.030555555555555555
1 0.8830729166666667 0.6981481481481482 0.22552083333333334 0.1259259259259259
4 0.22578125 0.5023148148148148 0.05260416666666667 0.275
