0 0.5856770833333333 0.7712962962962963 0.24635416666666668 0.19074074074074074
0 0.39114583333333336 0.7754629629629629 0.040625 0.19166666666666668
0 0.2552083333333333 0.8097222222222222 0.109375 0.13425925925925927
0 0.43645833333333334 0.6962962962962963 0.035416666666666666 0.046296296296296294
0 0.5151041666666667 0.8069444444444445 0.06979166666666667 0.11944444444444445
0 0.08776041666666666 0.7541666666666667 0.15989583333333332 0.0712962962962963
0 0.2609375 0.687037037037037 0.036458333333333336 0.020370370370370372
0 0.35885416666666664 0.6777777777777778 0.26458333333333334 0.024074074074074074
0 0.12630208333333334 0.6981481481481482 0.24427083333333333 0.08333333333333333
0 0.18072916666666666 0.7546296296296297 0.26458333333333334 0.17407407407407408
1 0.92421875 0.7180555555555556 0.15052083333333333 0.11018518518518519
4 0.22395833333333334 0.5064814814814815 0.06458333333333334 0.32222222222222224
4 0.57109375 0.5722222222222222 0.04010416666666667 0.18333333333333332
