0 0.5916666666666667 0.7657407407407407 0.24791666666666667 0.1925925925925926
0 0.38958333333333334 0.7759259259259259 0.03958333333333333 0.17962962962962964
0 0.24583333333333332 0.8143518518518519 0.109375 0.13425925925925927
0 0.33255208333333336 0.6939814814814815 0.03802083333333333 0.04537037037037037
0 0.4473958333333333 0.7046296296296296 0.035416666666666666 0.046296296296296294
0 0.5252604166666667 0.8148148148148148 0.06822916666666666 0.1111111111111111
0 0.06875 0.7583333333333333 0.13541666666666666 0.06481481481481481
0 0.2546875 0.6902777777777778 0.03854166666666667 0.023148148148148147
0 0.36380208333333336 0.6763888888888889 0.2630208333333333 0.028703703703703703
0 0.12578125 0.700925925925926 0.24322916666666666 0.07592592592592592
1 0.9453125 0.7476851851851852 0.109375 0.08425925925925926
4 0.22161458333333334 0.49907407407407406 0.06302083333333333 0.3277777777777778
4 0.57734375 0.5722222222222222 0.044270833333333336 0.1962962962962963
4 0.24401041666666667 0.5425925925925926 0.034895833333333334 0.21296296296296297
