0 0.590625 0.7699074074074074 0.228125 0.19722222222222222
0 0.3875 0.7796296296296297 0.040625 0.18703703703703703
0 0.22526041666666666 0.8310185185185185 0.10989583333333333 0.13425925925925927
0 0.3411458333333333 0.6986111111111111 0.03854166666666667 0.04537037037037037
0 0.5518229166666667 0.8407407407407408 0.05260416666666667 0.07777777777777778
0 0.45807291666666666 0.7069444444444445 0.0328125 0.049074074074074076
0 0.058854166666666666 0.7611111111111111 0.10208333333333333 0.04814814814814815
0 0.24791666666666667 0.6981481481481482 0.042708333333333334 0.03518518518518519
0 0.36276041666666664 0.6800925925925926 0.27239583333333334 0.03425925925925926
0 0.11953125 0.7013888888888888 0.23697916666666666 0.0787037037037037
0 0.17786458333333333 0.7578703703703704 0.28072916666666664 0.15648148148148147
4 0.22682291666666668 0.49675925925925923 0.0546875 0.3416666666666667
4 0.5950520833333334 0.5685185185185185 0.043229166666666666 0.19074074074074074
4 0.24739583333333334 0.5532407407407407 0.028125 0.21574074074074073
