0 0.5953125 0.7703703703703704 0.21875 0.1925925925925926
0 0.11770833333333333 0.6981481481481482 0.23541666666666666 0.08518518518518518
0 0.340625 0.7087962962962963 0.042708333333333334 0.06759259259259259
0 0.46510416666666665 0.7152777777777778 0.042708333333333334 0.06759259259259259
0 0.24088541666666666 0.6995370370370371 0.0546875 0.03611111111111111
0 0.37005208333333334 0.6828703703703703 0.2869791666666667 0.04351851851851852
0 0.3880208333333333 0.7796296296296297 0.05 0.17777777777777778
0 0.17161458333333332 0.7638888888888888 0.28802083333333334 0.15
4 0.22447916666666667 0.49953703703703706 0.07291666666666667 0.375
4 0.61171875 0.5722222222222222 0.04635416666666667 0.22037037037037038
4 0.25390625 0.5578703703703703 0.033854166666666664 0.23055555555555557
