0 0.6052083333333333 0.7777777777777778 0.19791666666666666 0.18703703703703703
0 0.38671875 0.7833333333333333 0.0390625 0.16296296296296298
0 0.3390625 0.7217592592592592 0.042708333333333334 0.06759259259259259
0 0.4744791666666667 0.7236111111111111 0.042708333333333334 0.06759259259259259
0 0.23385416666666667 0.7083333333333334 0.06041666666666667 0.037037037037037035
0 0.37526041666666665 0.6842592592592592 0.3046875 0.046296296296296294
0 0.17786458333333333 0.7625 0.27447916666666666 0.15833333333333333
0 0.12265625 0.7032407407407407 0.23489583333333333 0.08981481481481482
4 0.21979166666666666 0.49166666666666664 0.08229166666666667 0.37777777777777777
4 0.6184895833333334 0.5777777777777777 0.0515625 0.24259259259259258
4 0.2591145833333333 0.5601851851851852 0.033854166666666664 0.2388888888888889
