0 0.3768229166666667 0.6962962962962963 0.33177083333333335 0.040740740740740744
0 0.38828125 0.788425925925926 0.04635416666666667 0.1675925925925926
0 0.3390625 0.7217592592592592 0.042708333333333334 0.06759259259259259
0 0.48489583333333336 0.7347222222222223 0.042708333333333334 0.06759259259259259
0 0.21510416666666668 0.7185185185185186 0.08020833333333334 0.046296296296296294
0 0.175 0.7689814814814815 0.28541666666666665 0.14907407407407408
0 0.11927083333333334 0.7055555555555556 0.23541666666666666 0.09074074074074075
1 0.6078125 0.775 0.19375 0.19074074074074074
4 0.22604166666666667 0.48842592592592593 0.07083333333333333 0.4101851851851852
4 0.64296875 0.5685185185185185 0.050520833333333334 0.24259259259259258
4 0.26458333333333334 0.5532407407407407 0.046875 0.2212962962962963
