0 0.38177083333333334 0.7050925925925926 0.36770833333333336 0.03425925925925926
0 0.390625 0.7898148148148149 0.05520833333333333 0.1574074074074074
0 0.3263020833333333 0.7384259259259259 0.049479166666666664 0.10092592592592593
0 0.49635416666666665 0.7481481481481481 0.04375 0.08148148148148149
0 0.20104166666666667 0.7240740740740741 0.09375 0.05740740740740741
0 0.11588541666666667 0.7074074074074074 0.22864583333333333 0.08148148148148149
1 0.6200520833333333 0.7731481481481481 0.19322916666666667 0.1962962962962963
1 0.19348958333333333 0.75 0.31927083333333334 0.1814814814814815
4 0.2203125 0.48055555555555557 0.06770833333333333 0.4
4 0.6557291666666667 0.5574074074074075 0.06770833333333333 0.2351851851851852
4 0.26536458333333335 0.5537037037037037 0.050520833333333334 0.2518518518518518
