0 0.3859375 0.7930555555555555 0.058333333333333334 0.16203703703703703
0 0.11458333333333333 0.6958333333333333 0.22916666666666666 0.10092592592592593
0 0.31276041666666665 0.7611111111111111 0.0671875 0.09259259259259259
0 0.50859375 0.7671296296296296 0.04739583333333333 0.08981481481481482
0 0.17161458333333332 0.7337962962962963 0.10572916666666667 0.049074074074074076
0 0.38723958333333336 0.7087962962962963 0.38697916666666665 0.04537037037037037
1 0.628125 0.7689814814814815 0.18125 0.18981481481481483
1 0.203125 0.7509259259259259 0.3333333333333333 0.17962962962962964
4 0.22213541666666667 0.48148148148148145 0.0640625 0.4203703703703704
4 0.6744791666666666 0.5564814814814815 0.05 0.23148148148148148
4 0.27291666666666664 0.5740740740740741 0.028125 0.2833333333333333
