0 0.39817708333333335 0.7138888888888889 0.44427083333333334 0.05185185185185185
0 0.39453125 0.8 0.0671875 0.1388888888888889
0 0.29348958333333336 0.7814814814814814 0.10052083333333334 0.1037037037037037
0 0.5286458333333334 0.7939814814814815 0.05625 0.11574074074074074
0 0.14088541666666668 0.7407407407407407 0.1453125 0.05740740740740741
0 0.11796875 0.7060185185185185 0.23072916666666668 0.08055555555555556
1 0.6421875 0.7731481481481481 0.17708333333333334 0.1962962962962963
1 0.20625 0.749537037037037 0.346875 0.17314814814814813
4 0.21197916666666666 0.48148148148148145 0.08229166666666667 0.4685185185185185
4 0.68046875 0.5541666666666667 0.06197916666666667 0.2712962962962963
4 0.27395833333333336 0.549074074074074 0.041666666666666664 0.2518518518518518
