0 0.4015625 0.7189814814814814 0.46979166666666666 0.06388888888888888
0 0.39036458333333335 0.8069444444444445 0.06614583333333333 0.13240740740740742
0 0.2598958333333333 0.8069444444444445 0.1375 0.13240740740740742
0 0.5411458333333333 0.8055555555555556 0.06041666666666667 0.12222222222222222
0 0.10572916666666667 0.750462962962963 0.171875 0.06944444444444445
1 0.6635416666666667 0.774074074074074 0.18125 0.17962962962962964
1 0.20364583333333333 0.7476851851851852 0.35 0.1675925925925926
1 0.10807291666666667 0.7032407407407407 0.2109375 0.07314814814814814
4 0.70859375 0.5555555555555556 0.06197916666666667 0.2722222222222222
4 0.2078125 0.4736111111111111 0.08229166666666667 0.46944444444444444
4 0.28125 0.5472222222222223 0.034375 0.23333333333333334
