0 0.38958333333333334 0.8143518518518519 0.06041666666666667 0.11944444444444445
0 0.409375 0.7356481481481482 0.5302083333333333 0.06574074074074074
0 0.23854166666666668 0.8203703703703704 0.1375 0.13148148148148148
0 0.5611979166666666 0.8152777777777778 0.05572916666666667 0.09351851851851851
0 0.08359375 0.7550925925925925 0.16197916666666667 0.08425925925925926
1 0.21276041666666667 0.7486111111111111 0.3734375 0.175
1 0.6924479166666667 0.7814814814814814 0.20989583333333334 0.17777777777777778
1 0.11015625 0.6990740740740741 0.2140625 0.09444444444444444
4 0.7213541666666666 0.5449074074074074 0.0625 0.2712962962962963
4 0.20885416666666667 0.45601851851851855 0.09479166666666666 0.5101851851851852
4 0.28046875 0.5337962962962963 0.0515625 0.25833333333333336
