0 0.40260416666666665 0.7476851851851852 0.584375 0.0824074074074074
0 0.38619791666666664 0.8310185185185185 0.0578125 0.09537037037037037
0 0.058333333333333334 0.7638888888888888 0.11041666666666666 0.053703703703703705
1 0.20546875 0.7541666666666667 0.3671875 0.1675925925925926
1 0.6953125 0.7787037037037037 0.17916666666666667 0.16666666666666666
1 0.22395833333333334 0.8282407407407407 0.10416666666666667 0.10277777777777777
1 0.5966145833333333 0.8384259259259259 0.06510416666666667 0.07314814814814814
1 0.09661458333333334 0.6981481481481482 0.1921875 0.07222222222222222
4 0.7393229166666667 0.5587962962962963 0.06197916666666667 0.2712962962962963
4 0.18307291666666667 0.45694444444444443 0.12447916666666667 0.5231481481481481
4 0.2859375 0.5430555555555555 0.03854166666666667 0.2824074074074074
