0 0.6041666666666666 0.7523148148148148 0.16979166666666667 0.21388888888888888
1 0.41484375 0.7518518518518519 0.17135416666666667 0.22777777777777777
1 0.80234375 0.7245370370370371 0.39427083333333335 0.16944444444444445
1 0.9046875 0.6689814814814815 0.190625 0.06944444444444445
1 0.51171875 0.6953703703703704 0.06197916666666667 0.06851851851851852
1 0.5859375 0.6763888888888889 0.053125 0.058333333333333334
2 0.1296875 0.5148148148148148 0.20416666666666666 0.7777777777777778
2 0.48359375 0.6324074074074074 0.015104166666666667 0.08703703703703704
2 0.5122395833333333 0.6222222222222222 0.0359375 0.1
2 0.5388020833333333 0.4949074074074074 0.0703125 0.0824074074074074
