0 0.43203125 0.7467592592592592 0.17760416666666667 0.20277777777777778
0 0.6036458333333333 0.7384259259259259 0.16041666666666668 0.2064814814814815
1 0.7794270833333333 0.7083333333333334 0.3984375 0.17407407407407408
1 0.5096354166666667 0.787962962962963 0.0640625 0.13148148148148148
1 0.7317708333333334 0.762962962962963 0.128125 0.10185185185185185
1 0.86484375 0.7194444444444444 0.13489583333333333 0.07407407407407407
1 0.5122395833333333 0.6810185185185185 0.028645833333333332 0.028703703703703703
1 0.5859375 0.6819444444444445 0.035416666666666666 0.03796296296296296
1 0.6432291666666666 0.674074074074074 0.040625 0.037037037037037035
2 0.4453125 0.6097222222222223 0.04375 0.16203703703703703
2 0.490625 0.5976851851851852 0.075 0.13240740740740742
2 0.6333333333333333 0.6134259259259259 0.023958333333333335 0.09537037037037037
2 0.67421875 0.6263888888888889 0.0296875 0.10648148148148148
