0 0.42265625 0.7421296296296296 0.17864583333333334 0.21388888888888888
0 0.6171875 0.7509259259259259 0.1875 0.23148148148148148
1 0.8026041666666667 0.7046296296296296 0.39479166666666665 0.1925925925925926
1 0.5130208333333334 0.6916666666666667 0.053125 0.08148148148148149
1 0.8559895833333333 0.8449074074074074 0.1765625 0.1287037037037037
1 0.9434895833333333 0.7263888888888889 0.11302083333333333 0.05277777777777778
1 0.6619791666666667 0.6722222222222223 0.03333333333333333 0.04259259259259259
1 0.5971354166666667 0.6939814814814815 0.0484375 0.04537037037037037
2 0.42526041666666664 0.6055555555555555 0.04739583333333333 0.17037037037037037
2 0.4869791666666667 0.6106481481481482 0.05520833333333333 0.1527777777777778
2 0.6424479166666667 0.6208333333333333 0.021354166666666667 0.075
2 0.6864583333333333 0.6240740740740741 0.026041666666666668 0.08888888888888889
