0 0.43203125 0.7472222222222222 0.14739583333333334 0.2037037037037037
0 0.584375 0.7162037037037037 0.128125 0.15833333333333333
1 0.51171875 0.6953703703703704 0.0359375 0.05925925925925926
1 0.6083333333333333 0.6944444444444444 0.035416666666666666 0.03888888888888889
1 0.6901041666666666 0.6884259259259259 0.035416666666666666 0.028703703703703703
1 0.8059895833333334 0.7356481481481482 0.38697916666666665 0.1824074074074074
2 0.6950520833333333 0.6189814814814815 0.022395833333333334 0.10648148148148148
2 0.6455729166666667 0.625 0.0296875 0.07222222222222222
2 0.41380208333333335 0.6027777777777777 0.05364583333333333 0.21296296296296297
2 0.47682291666666665 0.6023148148148149 0.0578125 0.18981481481481483
