0 0.43046875 0.7453703703703703 0.15364583333333334 0.20555555555555555
0 0.6213541666666667 0.7555555555555555 0.190625 0.2222222222222222
1 0.5135416666666667 0.7194444444444444 0.04583333333333333 0.05740740740740741
1 0.6434895833333333 0.7171296296296297 0.05260416666666667 0.05277777777777778
1 0.73828125 0.7046296296296296 0.07864583333333333 0.03888888888888889
1 0.8135416666666667 0.7296296296296296 0.371875 0.1685185185185185
2 0.38359375 0.5856481481481481 0.07760416666666667 0.287962962962963
2 0.47213541666666664 0.5800925925925926 0.06927083333333334 0.20277777777777778
2 0.65859375 0.625462962962963 0.0296875 0.10833333333333334
2 0.7125 0.6231481481481481 0.03333333333333333 0.1111111111111111
