0 0.4192708333333333 0.7425925925925926 0.19270833333333334 0.2388888888888889
0 0.5697916666666667 0.6990740740740741 0.09583333333333334 0.11481481481481481
1 0.5161458333333333 0.7615740740740741 0.06770833333333333 0.08611111111111111
1 0.69140625 0.7416666666666667 0.0859375 0.06481481481481481
1 0.8169270833333333 0.7074074074074074 0.10677083333333333 0.05
1 0.8221354166666667 0.7467592592592592 0.35260416666666666 0.1675925925925926
2 0.33307291666666666 0.575 0.09739583333333333 0.3574074074074074
2 0.4708333333333333 0.5773148148148148 0.06979166666666667 0.23981481481481481
2 0.6622395833333333 0.600462962962963 0.0328125 0.10092592592592593
2 0.7302083333333333 0.6055555555555555 0.041666666666666664 0.13148148148148148
