0 0.42526041666666664 0.7509259259259259 0.19322916666666667 0.21666666666666667
0 0.6174479166666667 0.7476851851851852 0.18802083333333333 0.2064814814814815
1 0.5294270833333333 0.812962962962963 0.0890625 0.11296296296296296
1 0.8041666666666667 0.8037037037037037 0.19791666666666666 0.1111111111111111
1 0.92421875 0.7231481481481481 0.14114583333333333 0.044444444444444446
1 0.8106770833333333 0.6550925925925926 0.3776041666666667 0.05092592592592592
1 0.77421875 0.6888888888888889 0.4453125 0.1925925925925926
2 0.6739583333333333 0.6185185185185185 0.030208333333333334 0.1111111111111111
2 0.7520833333333333 0.6074074074074074 0.03125 0.12962962962962962
2 0.46380208333333334 0.5902777777777778 0.07447916666666667 0.2064814814814815
2 0.2557291666666667 0.5421296296296296 0.11666666666666667 0.5231481481481481
