0 0.4114583333333333 0.7444444444444445 0.134375 0.24074074074074073
0 0.5893229166666667 0.7467592592592592 0.2203125 0.20462962962962963
1 0.77109375 0.7162037037037037 0.4505208333333333 0.14722222222222223
1 0.8359375 0.6791666666666667 0.32708333333333334 0.08796296296296297
4 0.4153645833333333 0.5101851851851852 0.08177083333333333 0.39444444444444443
4 0.909375 0.4527777777777778 0.090625 0.4074074074074074
4 0.4622395833333333 0.5847222222222223 0.0265625 0.21574074074074073
4 0.6606770833333333 0.5657407407407408 0.0390625 0.19074074074074074
4 0.5869791666666667 0.5814814814814815 0.021875 0.13518518518518519
4 0.5484375 0.5958333333333333 0.017708333333333333 0.09907407407407408
