0 0.4015625 0.7476851851851852 0.15729166666666666 0.23796296296296296
0 0.61015625 0.7537037037037037 0.26197916666666665 0.2222222222222222
1 0.7614583333333333 0.7236111111111111 0.47604166666666664 0.18425925925925926
1 0.81953125 0.6694444444444444 0.3515625 0.06296296296296296
4 0.9528645833333333 0.4263888888888889 0.0796875 0.4787037037037037
4 0.5510416666666667 0.600925925925926 0.017708333333333333 0.09814814814814815
4 0.46145833333333336 0.5782407407407407 0.028125 0.22870370370370371
4 0.6723958333333333 0.5541666666666667 0.03958333333333333 0.18981481481481483
4 0.590625 0.5912037037037037 0.021875 0.13425925925925927
4 0.40729166666666666 0.4736111111111111 0.08020833333333334 0.4787037037037037
