0 0.6177083333333333 0.749537037037037 0.215625 0.23055555555555557
1 0.40677083333333336 0.749537037037037 0.19791666666666666 0.23425925925925925
1 0.77578125 0.7509259259259259 0.4484375 0.2
2 0.6458333333333334 0.5967592592592592 0.052083333333333336 0.10648148148148148
2 0.453125 0.625 0.027083333333333334 0.14629629629629629
4 0.39088541666666665 0.4212962962962963 0.08072916666666667 0.6
4 0.47109375 0.5722222222222222 0.04635416666666667 0.2518518518518518
4 0.5002604166666667 0.6041666666666666 0.04010416666666667 0.15462962962962962
4 0.71640625 0.5597222222222222 0.03697916666666667 0.25092592592592594
4 0.6401041666666667 0.6097222222222223 0.019791666666666666 0.17685185185185184
