0 0.6028645833333334 0.7578703703703704 0.15885416666666666 0.20277777777777778
1 0.39427083333333335 0.7578703703703704 0.26979166666666665 0.24166666666666667
1 0.7916666666666666 0.7282407407407407 0.41041666666666665 0.1527777777777778
1 0.91171875 0.6861111111111111 0.15885416666666666 0.06666666666666667
2 0.6565104166666667 0.5925925925925926 0.0484375 0.10185185185185185
2 0.4390625 0.611574074074074 0.034375 0.15092592592592594
4 0.3294270833333333 0.38333333333333336 0.2203125 0.7666666666666667
4 0.4713541666666667 0.5657407407407408 0.03333333333333333 0.22407407407407406
4 0.49296875 0.5944444444444444 0.022395833333333334 0.15
4 0.7471354166666667 0.5657407407407408 0.0703125 0.3055555555555556
4 0.6591145833333333 0.6018518518518519 0.04635416666666667 0.20925925925925926
