0 0.61015625 0.7583333333333333 0.18802083333333333 0.2111111111111111
1 0.43020833333333336 0.7518518518518519 0.2125 0.22777777777777777
1 0.7481770833333333 0.7185185185185186 0.3796875 0.1425925925925926
1 0.8606770833333334 0.6662037037037037 0.15052083333333333 0.05092592592592592
2 0.665625 0.5550925925925926 0.059375 0.10648148148148148
2 0.425 0.6078703703703704 0.03333333333333333 0.19537037037037036
4 0.4705729166666667 0.5532407407407407 0.0453125 0.2361111111111111
4 0.49713541666666666 0.5939814814814814 0.0296875 0.15462962962962962
4 0.7778645833333333 0.5398148148148149 0.08489583333333334 0.2962962962962963
4 0.6705729166666666 0.5745370370370371 0.0421875 0.16944444444444445
