0 0.5028645833333333 0.6662037037037037 0.049479166666666664 0.03796296296296296
0 0.46510416666666665 0.6916666666666667 0.026041666666666668 0.040740740740740744
0 0.4309895833333333 0.6865740740740741 0.0921875 0.019444444444444445
1 0.3921875 0.7861111111111111 0.13645833333333332 0.17222222222222222
1 0.5958333333333333 0.7416666666666667 0.14583333333333334 0.2111111111111111
1 0.7786458333333334 0.7231481481481481 0.428125 0.1574074074074074
1 0.8825520833333333 0.6694444444444444 0.21822916666666667 0.046296296296296294
2 0.6799479166666667 0.5537037037037037 0.06302083333333333 0.08148148148148149
2 0.3921875 0.5981481481481481 0.052083333333333336 0.24444444444444444
4 0.4625 0.5472222222222223 0.06458333333333334 0.3074074074074074
4 0.49505208333333334 0.5851851851851851 0.05677083333333333 0.1925925925925926
4 0.7953125 0.5268518518518519 0.07083333333333333 0.3111111111111111
4 0.6716145833333333 0.5814814814814815 0.04010416666666667 0.17222222222222222
