0 0.5028645833333333 0.6703703703703704 0.06510416666666667 0.03888888888888889
0 0.42526041666666664 0.6912037037037037 0.08697916666666666 0.026851851851851852
0 0.45338541666666665 0.7101851851851851 0.03177083333333333 0.040740740740740744
1 0.38046875 0.7962962962962963 0.11614583333333334 0.1537037037037037
1 0.6059895833333333 0.7509259259259259 0.15989583333333332 0.23333333333333334
1 0.77265625 0.7208333333333333 0.4421875 0.1935185185185185
2 0.6861979166666666 0.5254629629629629 0.07864583333333333 0.14537037037037037
2 0.3419270833333333 0.5902777777777778 0.06302083333333333 0.3398148148148148
4 0.45546875 0.5319444444444444 0.059895833333333336 0.32685185185185184
4 0.48802083333333335 0.5851851851851851 0.026041666666666668 0.16296296296296298
4 0.825 0.4861111111111111 0.084375 0.34444444444444444
4 0.68125 0.562037037037037 0.04375 0.16111111111111112
4 0.63828125 0.5958333333333333 0.0265625 0.10833333333333334
