0 0.4942708333333333 0.6736111111111112 0.07604166666666666 0.05277777777777778
0 0.40651041666666665 0.7018518518518518 0.0921875 0.014814814814814815
0 0.43307291666666664 0.7277777777777777 0.05260416666666667 0.07222222222222222
1 0.3489583333333333 0.8009259259259259 0.12083333333333333 0.14074074074074075
1 0.571875 0.7175925925925926 0.08229166666666667 0.16666666666666666
1 0.7877604166666666 0.7189814814814814 0.42135416666666664 0.16944444444444445
1 0.84296875 0.674537037037037 0.22447916666666667 0.058333333333333334
1 0.5966145833333333 0.6587962962962963 0.07552083333333333 0.05462962962962963
2 0.7049479166666667 0.5541666666666667 0.07239583333333334 0.175
2 0.2296875 0.549074074074074 0.08854166666666667 0.5833333333333334
4 0.44166666666666665 0.49074074074074076 0.071875 0.4148148148148148
4 0.8880208333333334 0.4587962962962963 0.10416666666666667 0.3990740740740741
4 0.6973958333333333 0.575 0.04479166666666667 0.1814814814814815
4 0.6385416666666667 0.6013888888888889 0.028125 0.14166666666666666
4 0.4817708333333333 0.5592592592592592 0.029166666666666667 0.2037037037037037
