0 0.4234375 0.6902777777777778 0.21354166666666666 0.08796296296296297
0 0.38723958333333336 0.7782407407407408 0.11510416666666666 0.13796296296296295
1 0.2674479166666667 0.8347222222222223 0.09947916666666666 0.10092592592592593
1 0.61484375 0.7662037037037037 0.1703125 0.20833333333333334
1 0.86171875 0.6791666666666667 0.2755208333333333 0.075
1 0.58828125 0.6652777777777777 0.06614583333333333 0.049074074074074076
2 0.7286458333333333 0.5648148148148148 0.07604166666666666 0.17962962962962964
4 0.42135416666666664 0.45092592592592595 0.09375 0.45740740740740743
4 0.48151041666666666 0.5740740740740741 0.0484375 0.21666666666666667
4 0.9231770833333334 0.42592592592592593 0.09322916666666667 0.45
4 0.6434895833333333 0.5736111111111111 0.0203125 0.09907407407407408
4 0.70234375 0.5398148148148149 0.028645833333333332 0.13148148148148148
