0 0.3888020833333333 0.7032407407407407 0.28177083333333336 0.125
0 0.3697916666666667 0.7972222222222223 0.1 0.11666666666666667
1 0.64140625 0.7523148148148148 0.23489583333333333 0.23055555555555557
1 0.853125 0.6597222222222222 0.28958333333333336 0.049074074074074076
1 0.6973958333333333 0.6921296296296297 0.2708333333333333 0.11388888888888889
2 0.753125 0.5388888888888889 0.11145833333333334 0.2537037037037037
4 0.39479166666666665 0.4199074074074074 0.12291666666666666 0.6027777777777777
4 0.9684895833333333 0.2759259259259259 0.059895833333333336 0.25
4 0.47552083333333334 0.5606481481481481 0.036458333333333336 0.2324074074074074
4 0.7151041666666667 0.5513888888888889 0.021875 0.1824074074074074
4 0.6473958333333333 0.5708333333333333 0.016666666666666666 0.07314814814814814
