0 0.2994791666666667 0.7416666666666667 0.46041666666666664 0.22407407407407406
0 0.5723958333333333 0.7217592592592592 0.09479166666666666 0.18425925925925926
0 0.7739583333333333 0.7134259259259259 0.42083333333333334 0.14351851851851852
0 0.3419270833333333 0.8240740740740741 0.058854166666666666 0.04814814814814815
1 0.8502604166666666 0.6694444444444444 0.2869791666666667 0.06851851851851852
2 0.7880208333333333 0.5254629629629629 0.09791666666666667 0.24722222222222223
4 0.34609375 0.37777777777777777 0.20677083333333332 0.7314814814814815
4 0.4752604166666667 0.575462962962963 0.05364583333333333 0.27685185185185185
4 0.49609375 0.6152777777777778 0.033854166666666664 0.10648148148148148
4 0.7416666666666667 0.5481481481481482 0.06354166666666666 0.2518518518518518
4 0.6635416666666667 0.5893518518518519 0.051041666666666666 0.14907407407407408
4 0.6299479166666667 0.600462962962963 0.03177083333333333 0.10648148148148148
