0 0.39765625 0.7597222222222222 0.22447916666666667 0.21203703703703702
0 0.58828125 0.7555555555555555 0.1265625 0.22962962962962963
0 0.7776041666666667 0.725 0.43333333333333335 0.14814814814814814
1 0.8369791666666667 0.6694444444444444 0.31354166666666666 0.06851851851851852
2 0.8234375 0.5291666666666667 0.11041666666666666 0.2638888888888889
4 0.4630208333333333 0.5592592592592592 0.042708333333333334 0.29259259259259257
4 0.46822916666666664 0.5976851851851852 0.03333333333333333 0.17314814814814813
4 0.7625 0.5462962962962963 0.06354166666666666 0.2518518518518518
4 0.665625 0.5884259259259259 0.025 0.13425925925925927
4 0.6192708333333333 0.6041666666666666 0.028125 0.08796296296296297
4 0.49375 0.6055555555555555 0.026041666666666668 0.12037037037037036
