0 0.36640625 0.7592592592592593 0.3359375 0.22592592592592592
0 0.56875 0.7384259259259259 0.08645833333333333 0.23796296296296296
0 0.7770833333333333 0.7356481481481482 0.44583333333333336 0.19166666666666668
1 0.8484375 0.674074074074074 0.2916666666666667 0.09074074074074075
2 0.8658854166666666 0.4925925925925926 0.12447916666666667 0.29444444444444445
4 0.45703125 0.5453703703703704 0.0515625 0.34074074074074073
4 0.46458333333333335 0.5902777777777778 0.035416666666666666 0.1935185185185185
4 0.49609375 0.600462962962963 0.0328125 0.1398148148148148
4 0.7854166666666667 0.5263888888888889 0.06875 0.3175925925925926
4 0.6770833333333334 0.5800925925925926 0.04375 0.16203703703703703
4 0.63359375 0.6013888888888889 0.0296875 0.14907407407407408
