0 0.40911458333333334 0.7537037037037037 0.2526041666666667 0.24259259259259258
0 0.59765625 0.7462962962962963 0.14010416666666667 0.24074074074074073
0 0.77578125 0.7189814814814814 0.4473958333333333 0.19537037037037036
1 0.84609375 0.6652777777777777 0.3067708333333333 0.06759259259259259
2 0.9216145833333333 0.47175925925925927 0.14635416666666667 0.41944444444444445
4 0.44505208333333335 0.5226851851851851 0.0703125 0.3824074074074074
4 0.4583333333333333 0.5791666666666667 0.03229166666666667 0.175
4 0.48385416666666664 0.5921296296296297 0.030208333333333334 0.14351851851851852
4 0.8182291666666667 0.5009259259259259 0.08333333333333333 0.34074074074074073
4 0.6861979166666666 0.5666666666666667 0.049479166666666664 0.1925925925925926
4 0.63671875 0.5976851851851852 0.0359375 0.13796296296296295
