0 0.38723958333333336 0.7569444444444444 0.29739583333333336 0.23055555555555557
0 0.6065104166666667 0.7583333333333333 0.14635416666666667 0.23333333333333334
0 0.8315104166666667 0.7472222222222222 0.32864583333333336 0.14629629629629629
1 0.8458333333333333 0.6449074074074074 0.303125 0.05277777777777778
2 0.9544270833333334 0.41064814814814815 0.08697916666666666 0.4101851851851852
4 0.4354166666666667 0.4828703703703704 0.08645833333333333 0.4305555555555556
4 0.8614583333333333 0.48055555555555557 0.10208333333333333 0.37037037037037035
4 0.6986979166666667 0.5564814814814815 0.0421875 0.17777777777777778
4 0.6416666666666667 0.5925925925925926 0.03125 0.13148148148148148
4 0.45078125 0.562037037037037 0.0453125 0.18888888888888888
4 0.47994791666666664 0.5958333333333333 0.0328125 0.14537037037037037
