0 0.3919270833333333 0.7564814814814815 0.2671875 0.24259259259259258
0 0.5924479166666666 0.7375 0.11197916666666667 0.21203703703703702
0 0.8317708333333333 0.7606481481481482 0.3229166666666667 0.16203703703703703
0 0.5463541666666667 0.6865740740740741 0.15625 0.05092592592592592
1 0.8473958333333333 0.649537037037037 0.30416666666666664 0.06018518518518518
4 0.40182291666666664 0.43194444444444446 0.10885416666666667 0.5416666666666666
4 0.8979166666666667 0.45092592592592595 0.08645833333333333 0.4111111111111111
4 0.7052083333333333 0.5592592592592592 0.04375 0.18333333333333332
4 0.64765625 0.5921296296296297 0.04010416666666667 0.15462962962962962
4 0.4479166666666667 0.5694444444444444 0.042708333333333334 0.22407407407407406
4 0.48046875 0.5958333333333333 0.03697916666666667 0.16203703703703703
