0 0.3770833333333333 0.7657407407407407 0.296875 0.22962962962962963
0 0.61015625 0.7550925925925925 0.15260416666666668 0.225
0 0.82578125 0.7537037037037037 0.34427083333333336 0.15925925925925927
0 0.5317708333333333 0.6888888888888889 0.134375 0.06111111111111111
1 0.8510416666666667 0.638425925925926 0.290625 0.0824074074074074
4 0.35859375 0.39490740740740743 0.1140625 0.712037037037037
4 0.9497395833333333 0.41388888888888886 0.08177083333333333 0.5222222222222223
4 0.7166666666666667 0.5564814814814815 0.041666666666666664 0.19444444444444445
4 0.6494791666666667 0.5935185185185186 0.026041666666666668 0.13518518518518519
4 0.43359375 0.5638888888888889 0.0390625 0.2351851851851852
4 0.4708333333333333 0.5833333333333334 0.026041666666666668 0.16111111111111112
