0 0.3578125 0.7675925925925926 0.296875 0.19814814814814816
0 0.6033854166666667 0.7550925925925925 0.1609375 0.24166666666666667
0 0.825 0.7222222222222222 0.34479166666666666 0.1685185185185185
0 0.5984375 0.7421296296296296 0.153125 0.24537037037037038
0 0.59453125 0.7111111111111111 0.30052083333333335 0.05185185185185185
4 0.40598958333333335 0.537962962962963 0.0546875 0.32407407407407407
4 0.46197916666666666 0.5810185185185185 0.03229166666666667 0.20092592592592592
4 0.7489583333333333 0.537962962962963 0.035416666666666666 0.24444444444444444
4 0.6619791666666667 0.5833333333333334 0.03958333333333333 0.14629629629629629
4 0.6197916666666666 0.5921296296296297 0.035416666666666666 0.10648148148148148
