0 0.3763020833333333 0.7518518518518519 0.2984375 0.2462962962962963
0 0.5958333333333333 0.7523148148148148 0.16354166666666667 0.25092592592592594
0 0.8182291666666667 0.7532407407407408 0.3614583333333333 0.19537037037037036
0 0.61484375 0.725925925925926 0.4046875 0.044444444444444446
1 0.84609375 0.6541666666666667 0.2942708333333333 0.06018518518518518
4 0.3958333333333333 0.5342592592592592 0.07604166666666666 0.3537037037037037
4 0.44895833333333335 0.5722222222222222 0.05520833333333333 0.22037037037037038
4 0.7794270833333333 0.5273148148148148 0.07864583333333333 0.27685185185185185
4 0.66796875 0.5740740740740741 0.049479166666666664 0.1648148148148148
4 0.6255208333333333 0.5893518518518519 0.029166666666666667 0.12129629629629629
