0 0.36692708333333335 0.7527777777777778 0.2942708333333333 0.2222222222222222
0 0.8213541666666667 0.7398148148148148 0.353125 0.12962962962962962
0 0.57265625 0.7152777777777778 0.1140625 0.1712962962962963
0 0.65546875 0.774537037037037 0.6130208333333333 0.12685185185185185
1 0.8440104166666667 0.6370370370370371 0.3078125 0.06296296296296296
4 0.35520833333333335 0.4861111111111111 0.0625 0.3814814814814815
4 0.4432291666666667 0.5597222222222222 0.034375 0.21944444444444444
4 0.79921875 0.5101851851851852 0.0640625 0.2851851851851852
4 0.6677083333333333 0.5662037037037037 0.03125 0.15833333333333333
4 0.62265625 0.5884259259259259 0.027604166666666666 0.11388888888888889
