0 0.19192708333333333 0.7685185185185185 0.3015625 0.17777777777777778
0 0.6127604166666667 0.7564814814814815 0.1921875 0.21666666666666667
1 0.3971354166666667 0.7472222222222222 0.2453125 0.2351851851851852
1 0.71640625 0.6712962962962963 0.18385416666666668 0.06851851851851852
1 0.9065104166666667 0.7606481481481482 0.1859375 0.125
1 0.8466145833333333 0.6462962962962963 0.3046875 0.044444444444444446
4 0.16328125 0.337037037037037 0.16197916666666667 0.674074074074074
4 0.40234375 0.537962962962963 0.050520833333333334 0.29444444444444445
4 0.6369791666666667 0.587037037037037 0.04375 0.13333333333333333
4 0.7010416666666667 0.5541666666666667 0.040625 0.1935185185185185
4 0.9192708333333334 0.4398148148148148 0.07291666666666667 0.39444444444444443
