0 0.15286458333333333 0.711574074074074 0.3067708333333333 0.058333333333333334
0 0.5966145833333333 0.75 0.14739583333333334 0.24074074074074073
1 0.40911458333333334 0.7513888888888889 0.21197916666666666 0.23796296296296296
1 0.7513020833333334 0.6759259259259259 0.2578125 0.08148148148148149
1 0.80859375 0.6333333333333333 0.37864583333333335 0.08333333333333333
4 0.38307291666666665 0.5189814814814815 0.05677083333333333 0.38425925925925924
4 0.49557291666666664 0.6055555555555555 0.0265625 0.14629629629629629
4 0.63671875 0.5800925925925926 0.03697916666666667 0.1712962962962963
4 0.7143229166666667 0.549537037037037 0.06927083333333334 0.21203703703703702
4 0.9567708333333333 0.4013888888888889 0.08541666666666667 0.5231481481481481
