0 0.17942708333333332 0.6722222222222223 0.3578125 0.16666666666666666
0 0.5682291666666667 0.7222222222222222 0.12291666666666666 0.18518518518518517
1 0.40208333333333335 0.7486111111111111 0.21666666666666667 0.24722222222222223
1 0.6606770833333333 0.6444444444444445 0.14114583333333333 0.05740740740740741
1 0.86640625 0.6652777777777777 0.26614583333333336 0.1361111111111111
4 0.37213541666666666 0.500462962962963 0.08385416666666666 0.44351851851851853
4 0.49322916666666666 0.6064814814814815 0.03854166666666667 0.16296296296296298
4 0.7346354166666667 0.5430555555555555 0.049479166666666664 0.25092592592592594
4 0.653125 0.5907407407407408 0.04479166666666667 0.19444444444444445
4 0.6049479166666667 0.6018518518518519 0.0296875 0.12777777777777777
