0 0.39427083333333335 0.7583333333333333 0.228125 0.2222222222222222
0 0.596875 0.7546296296296297 0.15625 0.22407407407407406
1 0.7671875 0.7180555555555556 0.46145833333333336 0.18796296296296297
1 0.8018229166666667 0.6703703703703704 0.3880208333333333 0.12407407407407407
2 0.6328125 0.600925925925926 0.034375 0.09814814814814815
4 0.434375 0.47129629629629627 0.090625 0.46296296296296297
4 0.4869791666666667 0.5935185185185186 0.0375 0.2037037037037037
4 0.8794270833333333 0.5027777777777778 0.0796875 0.37037037037037035
4 0.6838541666666667 0.5842592592592593 0.058333333333333334 0.17777777777777778
4 0.5809895833333333 0.5893518518518519 0.0265625 0.10277777777777777
