0 0.39817708333333335 0.7574074074074074 0.21302083333333333 0.21666666666666667
0 0.56796875 0.7148148148148148 0.08177083333333333 0.15555555555555556
1 0.7947916666666667 0.7458333333333333 0.396875 0.14351851851851852
1 0.8239583333333333 0.674537037037037 0.35104166666666664 0.08981481481481482
2 0.6442708333333333 0.6087962962962963 0.04895833333333333 0.12129629629629629
4 0.5809895833333333 0.5893518518518519 0.0265625 0.10277777777777777
4 0.4270833333333333 0.4564814814814815 0.090625 0.46296296296296297
4 0.490625 0.5828703703703704 0.028125 0.16018518518518518
4 0.9169270833333333 0.46574074074074073 0.0796875 0.37037037037037035
4 0.6859375 0.5773148148148148 0.042708333333333334 0.19166666666666668
