0 0.39817708333333335 0.7583333333333333 0.22239583333333332 0.21851851851851853
0 0.57734375 0.7574074074074074 0.1734375 0.23148148148148148
1 0.7716145833333333 0.7356481481481482 0.4557291666666667 0.175
1 0.8286458333333333 0.6754629629629629 0.3375 0.10277777777777777
2 0.6536458333333334 0.6032407407407407 0.04895833333333333 0.11388888888888889
2 0.5026041666666666 0.6162037037037037 0.026041666666666668 0.0787037037037037
4 0.5872395833333334 0.5921296296296297 0.0265625 0.10277777777777777
4 0.3888020833333333 0.4041666666666667 0.08385416666666666 0.6324074074074074
4 0.4869791666666667 0.5717592592592593 0.028125 0.16018518518518518
4 0.9661458333333334 0.3972222222222222 0.058333333333333334 0.3574074074074074
4 0.7041666666666667 0.575462962962963 0.042708333333333334 0.19166666666666668
