0 0.5776041666666667 0.7402777777777778 0.13229166666666667 0.18425925925925926
0 0.7901041666666667 0.7583333333333333 0.4114583333333333 0.18703703703703703
1 0.39765625 0.7583333333333333 0.1953125 0.21481481481481482
1 0.7640625 0.6611111111111111 0.134375 0.04259259259259259
2 0.4890625 0.5990740740740741 0.0375 0.12777777777777777
2 0.775 0.5513888888888889 0.08229166666666667 0.2101851851851852
4 0.44166666666666665 0.49444444444444446 0.10729166666666666 0.4425925925925926
4 0.47630208333333335 0.5842592592592593 0.024479166666666666 0.15555555555555556
4 0.9291666666666667 0.4212962962962963 0.11875 0.4740740740740741
4 0.6161458333333333 0.5828703703703704 0.057291666666666664 0.18981481481481483
