1 0.84453125 0.7379629629629629 0.20052083333333334 0.2222222222222222
1 0.8619791666666666 0.6652777777777777 0.10520833333333333 0.032407407407407406
1 0.9791666666666666 0.6504629629629629 0.03958333333333333 0.03981481481481482
1 0.2559895833333333 0.7245370370370371 0.07135416666666666 0.05277777777777778
1 0.9309895833333334 0.7865740740740741 0.11822916666666666 0.12314814814814815
1 0.95546875 0.6583333333333333 0.08802083333333334 0.02962962962962963
1 0.5458333333333333 0.7509259259259259 0.296875 0.20925925925925926
1 0.9390625 0.6662037037037037 0.12083333333333333 0.04537037037037037
2 0.7166666666666667 0.5930555555555556 0.034375 0.05648148148148148
2 0.6734375 0.6083333333333333 0.027083333333333334 0.12777777777777777
