1 0.8453125 0.7759259259259259 0.29270833333333335 0.28703703703703703
1 0.8408854166666667 0.6736111111111112 0.06927083333333334 0.04351851851851852
1 0.89375 0.7865740740740741 0.11979166666666667 0.1287037037037037
1 0.18046875 0.7106481481481481 0.08697916666666666 0.04537037037037037
1 0.9380208333333333 0.6666666666666666 0.11979166666666667 0.05740740740740741
1 0.959375 0.6541666666666667 0.051041666666666666 0.032407407407407406
1 0.5015625 0.7564814814814815 0.290625 0.22037037037037038
1 0.91953125 0.6671296296296296 0.14322916666666666 0.041666666666666664
2 0.6268229166666667 0.6148148148148148 0.0296875 0.15
2 0.66953125 0.5884259259259259 0.0265625 0.06759259259259259
