1 0.803125 0.7833333333333333 0.378125 0.3055555555555556
1 0.9018229166666667 0.8375 0.1515625 0.1361111111111111
1 0.7885416666666667 0.6976851851851852 0.1 0.04722222222222222
1 0.9028645833333333 0.6736111111111112 0.1765625 0.06574074074074074
1 0.9255208333333333 0.6638888888888889 0.06979166666666667 0.025925925925925925
1 0.9721354166666667 0.6319444444444444 0.0515625 0.03611111111111111
1 0.044270833333333336 0.7046296296296296 0.07604166666666666 0.05
1 0.43697916666666664 0.7583333333333333 0.271875 0.23333333333333334
1 0.9135416666666667 0.6856481481481481 0.12291666666666666 0.04722222222222222
2 0.5421875 0.6125 0.028125 0.14537037037037037
2 0.5848958333333333 0.6023148148148149 0.025 0.11203703703703703
