1 0.7541666666666667 0.7546296296296297 0.23333333333333334 0.21296296296296297
1 0.8497395833333333 0.6773148148148148 0.2994791666666667 0.08796296296296297
1 0.5984375 0.6666666666666666 0.046875 0.07407407407407407
1 0.32786458333333335 0.7574074074074074 0.49114583333333334 0.22592592592592592
1 0.64296875 0.7078703703703704 0.0453125 0.05277777777777778
1 0.5463541666666667 0.6995370370370371 0.028125 0.05277777777777778
1 0.5609375 0.6643518518518519 0.028125 0.04722222222222222
2 0.43828125 0.5638888888888889 0.09322916666666667 0.2722222222222222
2 0.41848958333333336 0.6203703703703703 0.030729166666666665 0.1388888888888889
2 0.56171875 0.5717592592592593 0.06302083333333333 0.11018518518518519
4 0.5927083333333333 0.5967592592592592 0.025 0.1175925925925926
4 0.5276041666666667 0.5824074074074074 0.036458333333333336 0.13518518518518519
