1 0.7859375 0.7560185185185185 0.2791666666666667 0.21203703703703702
1 0.5666666666666667 0.6819444444444445 0.08229166666666667 0.125
1 0.6677083333333333 0.7356481481481482 0.06666666666666667 0.13240740740740742
1 0.2721354166666667 0.7472222222222222 0.5453125 0.19814814814814816
1 0.8591145833333333 0.6777777777777778 0.28072916666666664 0.13333333333333333
2 0.40677083333333336 0.5305555555555556 0.090625 0.3055555555555556
2 0.375 0.6162037037037037 0.042708333333333334 0.1638888888888889
2 0.5520833333333334 0.5708333333333333 0.03854166666666667 0.11574074074074074
4 0.51015625 0.5611111111111111 0.043229166666666666 0.14814814814814814
4 0.5794270833333334 0.5847222222222223 0.03177083333333333 0.11203703703703703
