1 0.7953125 0.7537037037037037 0.309375 0.20925925925925926
1 0.68046875 0.7379629629629629 0.049479166666666664 0.14074074074074075
1 0.60234375 0.6796296296296296 0.027604166666666666 0.08888888888888889
1 0.5502604166666667 0.6773148148148148 0.0359375 0.06388888888888888
1 0.5388020833333333 0.7217592592592592 0.058854166666666666 0.08796296296296297
1 0.26588541666666665 0.7388888888888889 0.5328125 0.16296296296296298
1 0.8611979166666667 0.6884259259259259 0.22552083333333334 0.09537037037037037
2 0.39609375 0.5356481481481481 0.09739583333333333 0.30833333333333335
2 0.36822916666666666 0.6078703703703704 0.05 0.1787037037037037
2 0.54375 0.5666666666666667 0.06354166666666666 0.12407407407407407
4 0.5109375 0.5685185185185185 0.0375 0.1685185185185185
4 0.57890625 0.5782407407407407 0.030729166666666665 0.11944444444444445
