1 0.8067708333333333 0.749537037037037 0.31666666666666665 0.19537037037037036
1 0.7109375 0.7509259259259259 0.09270833333333334 0.1388888888888889
1 0.5502604166666667 0.6712962962962963 0.03177083333333333 0.06111111111111111
1 0.6080729166666666 0.6805555555555556 0.03177083333333333 0.09074074074074075
1 0.5401041666666667 0.7296296296296296 0.03854166666666667 0.07222222222222222
1 0.25442708333333336 0.7407407407407407 0.5098958333333333 0.18703703703703703
1 0.8700520833333333 0.6791666666666667 0.25885416666666666 0.11574074074074074
1 0.15885416666666666 0.6699074074074074 0.10104166666666667 0.062037037037037036
2 0.390625 0.5287037037037037 0.10625 0.37407407407407406
2 0.3515625 0.6023148148148149 0.04375 0.19907407407407407
2 0.5424479166666667 0.5587962962962963 0.04739583333333333 0.125
4 0.5752604166666667 0.587037037037037 0.0265625 0.12777777777777777
4 0.5052083333333334 0.5611111111111111 0.03854166666666667 0.15185185185185185
