1 0.8046875 0.750462962962963 0.328125 0.19537037037037036
1 0.715625 0.7703703703703704 0.08333333333333333 0.13703703703703704
1 0.6026041666666667 0.6694444444444444 0.036458333333333336 0.09259259259259259
1 0.5463541666666667 0.6685185185185185 0.046875 0.09444444444444444
1 0.5395833333333333 0.7518518518518519 0.046875 0.07222222222222222
1 0.2515625 0.7490740740740741 0.503125 0.16666666666666666
1 0.13177083333333334 0.6675925925925926 0.1125 0.05555555555555555
2 0.37578125 0.5087962962962963 0.11302083333333333 0.4064814814814815
2 0.33958333333333335 0.5976851851851852 0.040625 0.19166666666666668
2 0.5385416666666667 0.5532407407407407 0.04895833333333333 0.12685185185185185
4 0.5692708333333333 0.5800925925925926 0.03958333333333333 0.13425925925925927
4 0.5020833333333333 0.5606481481481481 0.03958333333333333 0.13240740740740742
