1 0.80546875 0.7444444444444445 0.3359375 0.18703703703703703
1 0.7372395833333333 0.7657407407407407 0.1109375 0.16111111111111112
1 0.5283854166666667 0.7657407407407407 0.0484375 0.09259259259259259
1 0.6010416666666667 0.6814814814814815 0.027083333333333334 0.0962962962962963
1 0.5479166666666667 0.6712962962962963 0.040625 0.08888888888888889
1 0.246875 0.7064814814814815 0.49166666666666664 0.2074074074074074
1 0.11067708333333333 0.6708333333333333 0.12552083333333333 0.10277777777777777
2 0.35963541666666665 0.5074074074074074 0.11927083333333334 0.40925925925925927
2 0.31640625 0.600925925925926 0.0484375 0.22592592592592592
2 0.52734375 0.5717592592592593 0.059895833333333336 0.18796296296296297
4 0.49557291666666664 0.5583333333333333 0.034895833333333334 0.1425925925925926
4 0.56953125 0.5851851851851851 0.03177083333333333 0.12962962962962962
