1 0.5401041666666667 0.6722222222222223 0.036458333333333336 0.11481481481481481
1 0.60859375 0.6935185185185185 0.03697916666666667 0.12407407407407407
1 0.73671875 0.7657407407407407 0.044270833333333336 0.06481481481481481
1 0.8143229166666667 0.7412037037037037 0.33697916666666666 0.17685185185185184
1 0.52890625 0.7787037037037037 0.043229166666666666 0.09444444444444444
1 0.24713541666666666 0.7328703703703704 0.4942708333333333 0.16018518518518518
1 0.08619791666666667 0.674537037037037 0.10885416666666667 0.0712962962962963
2 0.34270833333333334 0.5055555555555555 0.11666666666666667 0.3962962962962963
2 0.3028645833333333 0.5740740740740741 0.050520833333333334 0.2351851851851852
2 0.5299479166666666 0.5694444444444444 0.0515625 0.15925925925925927
4 0.5713541666666667 0.5944444444444444 0.041666666666666664 0.16111111111111112
4 0.4890625 0.5611111111111111 0.05 0.16111111111111112
