1 0.60703125 0.6944444444444444 0.04114583333333333 0.12222222222222222
1 0.8223958333333333 0.7476851851851852 0.3416666666666667 0.18055555555555555
1 0.7705729166666667 0.7754629629629629 0.0828125 0.10648148148148148
1 0.5247395833333334 0.7939814814814815 0.0578125 0.125
1 0.5372395833333333 0.6685185185185185 0.044270833333333336 0.10185185185185185
1 0.06067708333333333 0.6574074074074074 0.11614583333333334 0.0962962962962963
1 0.25078125 0.7449074074074075 0.48802083333333335 0.1787037037037037
2 0.32864583333333336 0.4981481481481482 0.115625 0.4388888888888889
2 0.2786458333333333 0.5351851851851852 0.04791666666666667 0.11481481481481481
2 0.5255208333333333 0.5717592592592593 0.05416666666666667 0.15462962962962962
4 0.48854166666666665 0.5476851851851852 0.03854166666666667 0.14166666666666666
4 0.5635416666666667 0.5787037037037037 0.03333333333333333 0.1259259259259259
