1 0.6140625 0.7037037037037037 0.06458333333333334 0.12962962962962962
1 0.828125 0.7375 0.34270833333333334 0.17314814814814813
1 0.7971354166666667 0.7902777777777777 0.1015625 0.11203703703703703
1 0.5328125 0.8185185185185185 0.057291666666666664 0.1
1 0.53046875 0.6833333333333333 0.08489583333333334 0.07222222222222222
1 0.0453125 0.6736111111111112 0.08125 0.06388888888888888
1 0.24270833333333333 0.7277777777777777 0.4864583333333333 0.1648148148148148
2 0.3143229166666667 0.4898148148148148 0.14635416666666667 0.5092592592592593
2 0.2557291666666667 0.5314814814814814 0.052083333333333336 0.15185185185185185
2 0.5213541666666667 0.562037037037037 0.0625 0.13518518518518519
4 0.48489583333333336 0.5592592592592592 0.040625 0.16296296296296298
4 0.5627604166666667 0.5782407407407407 0.0296875 0.11944444444444445
