1 0.62578125 0.6986111111111111 0.0578125 0.12685185185185185
1 0.8307291666666666 0.7421296296296296 0.33645833333333336 0.17314814814814813
1 0.8669270833333333 0.8226851851851852 0.11197916666666667 0.10092592592592593
1 0.54140625 0.6810185185185185 0.033854166666666664 0.10462962962962963
1 0.5479166666666667 0.836574074074074 0.065625 0.049074074074074076
1 0.034375 0.6898148148148148 0.06458333333333334 0.09259259259259259
1 0.24869791666666666 0.8162037037037037 0.07135416666666666 0.06018518518518518
1 0.2625 0.7541666666666667 0.5260416666666666 0.17314814814814813
2 0.3046875 0.46620370370370373 0.15 0.5361111111111111
2 0.24869791666666666 0.5319444444444444 0.0671875 0.15092592592592594
2 0.52265625 0.5444444444444444 0.07135416666666666 0.1537037037037037
4 0.49270833333333336 0.5550925925925926 0.042708333333333334 0.16203703703703703
4 0.5731770833333333 0.5800925925925926 0.04114583333333333 0.12685185185185185
