1 0.6505208333333333 0.7069444444444445 0.07395833333333333 0.13055555555555556
1 0.82421875 0.7222222222222222 0.35052083333333334 0.17777777777777778
1 0.896875 0.6875 0.125 0.05648148148148148
1 0.9091145833333333 0.8231481481481482 0.10885416666666667 0.09814814814814815
1 0.5604166666666667 0.6842592592592592 0.06145833333333333 0.08703703703703704
1 0.02734375 0.6763888888888889 0.04739583333333333 0.0787037037037037
1 0.2565104166666667 0.7347222222222223 0.5130208333333334 0.1675925925925926
2 0.29609375 0.4462962962962963 0.17552083333333332 0.5518518518518518
2 0.23776041666666667 0.4986111111111111 0.058854166666666666 0.125
2 0.5434895833333333 0.5328703703703703 0.07239583333333334 0.10833333333333334
4 0.5033854166666667 0.5518518518518518 0.043229166666666666 0.15
4 0.5817708333333333 0.5787037037037037 0.03333333333333333 0.11666666666666667
