1 0.6783854166666666 0.7175925925925926 0.09739583333333333 0.13333333333333333
1 0.8390625 0.7435185185185185 0.315625 0.16296296296296298
1 0.88828125 0.6685185185185185 0.22239583333333332 0.05555555555555555
1 0.57578125 0.6944444444444444 0.04010416666666667 0.11481481481481481
1 0.02265625 0.6819444444444445 0.04114583333333333 0.06018518518518518
1 0.27317708333333335 0.7537037037037037 0.5473958333333333 0.1574074074074074
2 0.2984375 0.41898148148148145 0.1625 0.5861111111111111
2 0.225 0.49907407407407406 0.06458333333333334 0.1388888888888889
2 0.5611979166666666 0.5333333333333333 0.0734375 0.1111111111111111
4 0.5153645833333333 0.5439814814814815 0.044270833333333336 0.1527777777777778
4 0.5981770833333333 0.5796296296296296 0.03177083333333333 0.13518518518518519
