1 0.7088541666666667 0.7078703703703704 0.12916666666666668 0.14907407407407408
1 0.8229166666666666 0.7050925925925926 0.25625 0.10648148148148148
1 0.9380208333333333 0.6620370370370371 0.12291666666666666 0.05740740740740741
1 0.59453125 0.6722222222222223 0.06302083333333333 0.13518518518518519
1 0.29921875 0.7689814814814815 0.5911458333333334 0.19166666666666668
2 0.28802083333333334 0.45092592592592595 0.18229166666666666 0.7351851851851852
2 0.20885416666666667 0.48194444444444445 0.06875 0.20092592592592592
2 0.5765625 0.538425925925926 0.065625 0.13240740740740742
2 0.5536458333333333 0.5768518518518518 0.025 0.03888888888888889
4 0.5348958333333333 0.5537037037037037 0.04479166666666667 0.17592592592592593
4 0.6127604166666667 0.5680555555555555 0.034895833333333334 0.10462962962962963
