1 0.6140625 0.6796296296296296 0.051041666666666666 0.12407407407407407
1 0.7453125 0.7074074074074074 0.16770833333333332 0.18888888888888888
1 0.8614583333333333 0.7166666666666667 0.275 0.14074074074074075
1 0.95546875 0.6421296296296296 0.08802083333333334 0.041666666666666664
1 0.31171875 0.7708333333333334 0.6057291666666667 0.20277777777777778
2 0.25625 0.375 0.2604166666666667 0.7185185185185186
2 0.18385416666666668 0.4287037037037037 0.06666666666666667 0.16296296296296298
2 0.584375 0.5125 0.08333333333333333 0.125
2 0.5614583333333333 0.5680555555555555 0.020833333333333332 0.03611111111111111
4 0.5442708333333334 0.5287037037037037 0.03958333333333333 0.14814814814814814
4 0.6229166666666667 0.575462962962963 0.03854166666666667 0.13425925925925927
