1 0.6325520833333333 0.6884259259259259 0.044270833333333336 0.15833333333333333
1 0.7958333333333333 0.7319444444444444 0.21979166666666666 0.20462962962962963
1 0.86796875 0.7101851851851851 0.2640625 0.11481481481481481
1 0.5619791666666667 0.700462962962963 0.09166666666666666 0.10277777777777777
1 0.3729166666666667 0.7597222222222222 0.5020833333333333 0.2101851851851852
2 0.23984375 0.3912037037037037 0.25364583333333335 0.7731481481481481
2 0.14036458333333332 0.41898148148148145 0.07447916666666667 0.1712962962962963
2 0.5984375 0.5453703703703704 0.08229166666666667 0.15555555555555556
2 0.5729166666666666 0.5569444444444445 0.025 0.05462962962962963
4 0.6328125 0.5787037037037037 0.040625 0.14444444444444443
4 0.5520833333333334 0.5416666666666666 0.041666666666666664 0.17592592592592593
