1 0.8419270833333333 0.7587962962962963 0.2838541666666667 0.2361111111111111
1 0.6403645833333333 0.7189814814814814 0.04010416666666667 0.1675925925925926
1 0.5611979166666666 0.7055555555555556 0.10989583333333333 0.12407407407407407
1 0.3997395833333333 0.7574074074074074 0.4328125 0.2074074074074074
1 0.87734375 0.725 0.24635416666666668 0.1111111111111111
2 0.08046875 0.37175925925925923 0.0765625 0.1935185185185185
2 0.6018229166666667 0.5194444444444445 0.08072916666666667 0.1259259259259259
2 0.5786458333333333 0.5740740740740741 0.025 0.03148148148148148
4 0.55078125 0.5476851851851852 0.04635416666666667 0.19907407407407407
4 0.63515625 0.5847222222222223 0.04739583333333333 0.15648148148148147
