1 0.8481770833333333 0.7458333333333333 0.28802083333333334 0.20092592592592592
1 0.6471354166666666 0.7069444444444445 0.04635416666666667 0.1712962962962963
1 0.5666666666666667 0.7083333333333334 0.128125 0.16666666666666666
1 0.4388020833333333 0.7537037037037037 0.34739583333333335 0.21481481481481482
1 0.8908854166666667 0.7087962962962963 0.21822916666666667 0.10092592592592593
2 0.02578125 0.3138888888888889 0.04635416666666667 0.2074074074074074
2 0.5940104166666667 0.5523148148148148 0.0828125 0.1935185185185185
2 0.5794270833333334 0.5722222222222222 0.0296875 0.027777777777777776
4 0.63515625 0.5731481481481482 0.0453125 0.1574074074074074
4 0.5497395833333333 0.5527777777777778 0.05364583333333333 0.20555555555555555
