1 0.6364583333333333 0.7643518518518518 0.3645833333333333 0.2712962962962963
1 0.9408854166666667 0.7648148148148148 0.1171875 0.07037037037037037
1 0.9651041666666667 0.7027777777777777 0.06875 0.06666666666666667
1 0.5088541666666667 0.8106481481481481 0.06458333333333334 0.14907407407407408
1 0.37942708333333336 0.7791666666666667 0.3265625 0.22685185185185186
1 0.4817708333333333 0.8087962962962963 0.15520833333333334 0.1712962962962963
2 0.4875 0.5277777777777778 0.10520833333333333 0.32407407407407407
2 0.45807291666666666 0.5296296296296297 0.0328125 0.04814814814814815
4 0.42734375 0.5013888888888889 0.058854166666666666 0.2675925925925926
4 0.534375 0.5833333333333334 0.06354166666666666 0.20925925925925926
