1 0.728125 0.7527777777777778 0.5072916666666667 0.20925925925925926
1 0.31979166666666664 0.7643518518518518 0.2375 0.2324074074074074
1 0.7182291666666667 0.7319444444444444 0.35625 0.15092592592592594
1 0.74609375 0.6925925925925925 0.5026041666666666 0.13703703703703704
2 0.5908854166666667 0.5898148148148148 0.058854166666666666 0.21296296296296297
2 0.77890625 0.43194444444444446 0.1671875 0.525
2 0.3067708333333333 0.575925925925926 0.03854166666666667 0.38333333333333336
2 0.3294270833333333 0.5212962962962963 0.027604166666666666 0.08888888888888889
2 0.7958333333333333 0.44814814814814813 0.11979166666666667 0.34629629629629627
2 0.22395833333333334 0.55 0.06979166666666667 0.4685185185185185
