1 0.7309895833333333 0.7537037037037037 0.5005208333333333 0.2074074074074074
1 0.3234375 0.7611111111111111 0.2604166666666667 0.21666666666666667
1 0.3463541666666667 0.6648148148148149 0.036458333333333336 0.040740740740740744
1 0.75 0.7388888888888889 0.40625 0.1537037037037037
1 0.7981770833333334 0.6949074074074074 0.4005208333333333 0.10462962962962963
2 0.8127604166666667 0.42916666666666664 0.16302083333333334 0.5472222222222223
2 0.3 0.5893518518518519 0.03854166666666667 0.425
2 0.5984375 0.5930555555555556 0.052083333333333336 0.23055555555555557
2 0.3268229166666667 0.5083333333333333 0.03177083333333333 0.08703703703703704
2 0.4354166666666667 0.5731481481481482 0.025 0.05
2 0.8270833333333333 0.45416666666666666 0.11979166666666667 0.41203703703703703
2 0.2 0.5347222222222222 0.06458333333333334 0.5416666666666666
