1 0.7145833333333333 0.7546296296296297 0.45416666666666666 0.22407407407407406
1 0.32890625 0.7583333333333333 0.24322916666666666 0.23333333333333334
1 0.34713541666666664 0.6717592592592593 0.0546875 0.032407407407407406
1 0.7526041666666666 0.7425925925925926 0.3927083333333333 0.16111111111111112
1 0.7830729166666667 0.6976851851851852 0.33177083333333335 0.075
2 0.28072916666666664 0.5532407407407407 0.042708333333333334 0.3990740740740741
2 0.8330729166666667 0.39537037037037037 0.17552083333333332 0.5851851851851851
2 0.32083333333333336 0.5009259259259259 0.028125 0.09444444444444444
2 0.61015625 0.5976851851851852 0.058854166666666666 0.22870370370370371
2 0.44114583333333335 0.5787037037037037 0.027083333333333334 0.07777777777777778
2 0.8528645833333334 0.3925925925925926 0.14427083333333332 0.38333333333333336
2 0.15598958333333332 0.5310185185185186 0.07447916666666667 0.6416666666666667
