1 0.6994791666666667 0.7541666666666667 0.41041666666666665 0.2064814814814815
1 0.3346354166666667 0.7560185185185185 0.24322916666666666 0.22314814814814815
1 0.340625 0.6787037037037037 0.05625 0.044444444444444446
1 0.7809895833333333 0.7393518518518518 0.42135416666666664 0.1527777777777778
1 0.8145833333333333 0.7027777777777777 0.3697916666666667 0.08888888888888889
2 0.6197916666666666 0.5861111111111111 0.053125 0.20185185185185187
2 0.8580729166666666 0.3861111111111111 0.1859375 0.6703703703703704
2 0.2604166666666667 0.5740740740740741 0.05625 0.5111111111111111
2 0.3143229166666667 0.5087962962962963 0.0328125 0.08611111111111111
2 0.44583333333333336 0.5768518518518518 0.022916666666666665 0.08703703703703704
2 0.8739583333333333 0.3662037037037037 0.11458333333333333 0.4212962962962963
2 0.10078125 0.4912037037037037 0.12135416666666667 0.6935185185185185
