0 0.6802083333333333 0.7555555555555555 0.38958333333333334 0.21851851851851853
1 0.33567708333333335 0.7675925925925926 0.24739583333333334 0.24259259259259258
1 0.340625 0.6782407407407407 0.052083333333333336 0.03611111111111111
1 0.9466145833333334 0.7513888888888889 0.1046875 0.028703703703703703
1 0.7671875 0.6773148148148148 0.465625 0.09537037037037037
1 0.9361979166666666 0.7958333333333333 0.11927083333333334 0.04537037037037037
1 0.5971354166666667 0.6935185185185185 0.03802083333333333 0.018518518518518517
2 0.23359375 0.5560185185185185 0.06197916666666667 0.5157407407407407
2 0.6294270833333333 0.5810185185185185 0.06822916666666666 0.22685185185185186
2 0.3046875 0.49953703703703706 0.027083333333333334 0.08055555555555556
2 0.44895833333333335 0.5842592592592593 0.023958333333333335 0.12037037037037036
2 0.8869791666666667 0.35648148148148145 0.21145833333333333 0.6925925925925925
2 0.9109375 0.3398148148148148 0.15 0.43703703703703706
2 0.052083333333333336 0.3314814814814815 0.09895833333333333 0.55
