0 0.68125 0.7541666666666667 0.359375 0.19537037037037036
1 0.34453125 0.7708333333333334 0.2265625 0.22870370370370371
1 0.340625 0.6819444444444445 0.03854166666666667 0.03796296296296296
1 0.615625 0.6990740740740741 0.05625 0.025925925925925925
1 0.7979166666666667 0.7032407407407407 0.3958333333333333 0.08055555555555556
2 0.6348958333333333 0.5791666666666667 0.08125 0.2361111111111111
2 0.184375 0.537962962962963 0.065625 0.5555555555555556
2 0.4510416666666667 0.5837962962962963 0.03958333333333333 0.10092592592592593
2 0.9401041666666666 0.2708333333333333 0.07395833333333333 0.3527777777777778
3 0.2908854166666667 0.48842592592592593 0.0296875 0.09907407407407408
3 0.909375 0.30925925925925923 0.18020833333333333 0.6185185185185185
