0 0.6864583333333333 0.7560185185185185 0.37395833333333334 0.21574074074074073
1 0.33880208333333334 0.7773148148148148 0.25364583333333335 0.2212962962962963
1 0.3372395833333333 0.6824074074074075 0.0609375 0.040740740740740744
1 0.6184895833333334 0.7013888888888888 0.0421875 0.049074074074074076
1 0.77578125 0.6828703703703703 0.4484375 0.08425925925925926
2 0.13177083333333334 0.5157407407407407 0.06875 0.6759259259259259
2 0.6486979166666667 0.5791666666666667 0.09010416666666667 0.24351851851851852
2 0.44947916666666665 0.5680555555555555 0.029166666666666667 0.08796296296296297
2 0.9447916666666667 0.15324074074074073 0.09479166666666666 0.2175925925925926
3 0.9338541666666667 0.20555555555555555 0.13020833333333334 0.4074074074074074
3 0.27265625 0.46944444444444444 0.043229166666666666 0.1
