0 0.7182291666666667 0.7444444444444445 0.43125 0.2351851851851852
1 0.33046875 0.7578703703703704 0.2755208333333333 0.2175925925925926
1 0.3260416666666667 0.674537037037037 0.052083333333333336 0.03611111111111111
1 0.6268229166666667 0.6953703703703704 0.0703125 0.046296296296296294
1 0.7533854166666667 0.6773148148148148 0.49114583333333334 0.09907407407407408
2 0.45729166666666665 0.5879629629629629 0.020833333333333332 0.12962962962962962
2 0.659375 0.562037037037037 0.07083333333333333 0.22962962962962963
3 0.06145833333333333 0.4930555555555556 0.08958333333333333 0.8657407407407407
3 0.25026041666666665 0.4587962962962963 0.04739583333333333 0.1287037037037037
3 0.9489583333333333 0.11944444444444445 0.10104166666666667 0.2351851851851852
