1 0.5450520833333333 0.6939814814814815 0.2453125 0.05462962962962963
1 0.6184895833333334 0.775 0.24114583333333334 0.2537037037037037
1 0.8205729166666667 0.7217592592592592 0.35572916666666665 0.09907407407407408
1 0.3455729166666667 0.7615740740740741 0.2796875 0.2175925925925926
1 0.5661458333333333 0.7842592592592592 0.08125 0.14629629629629629
1 0.5447916666666667 0.7537037037037037 0.051041666666666666 0.10185185185185185
2 0.40078125 0.4444444444444444 0.024479166666666666 0.053703703703703705
2 0.6190104166666667 0.5837962962962963 0.030729166666666665 0.12685185185185185
4 0.41302083333333334 0.5166666666666667 0.06354166666666666 0.34074074074074073
4 0.61640625 0.5768518518518518 0.04010416666666667 0.17962962962962964
