1 0.5541666666666667 0.6898148148148148 0.24791666666666667 0.05
1 0.6145833333333334 0.7592592592592593 0.2375 0.2222222222222222
1 0.8325520833333333 0.7055555555555556 0.33177083333333335 0.1111111111111111
1 0.35651041666666666 0.7625 0.2359375 0.22314814814814815
1 0.57265625 0.7819444444444444 0.0859375 0.14722222222222223
1 0.5252604166666667 0.7171296296296297 0.21510416666666668 0.03611111111111111
1 0.5518229166666667 0.7587962962962963 0.058854166666666666 0.11203703703703703
2 0.38255208333333335 0.5083333333333333 0.0296875 0.03888888888888889
2 0.62265625 0.5856481481481481 0.030729166666666665 0.12685185185185185
4 0.40598958333333335 0.5092592592592593 0.059895833333333336 0.39444444444444443
4 0.61953125 0.5703703703703704 0.05364583333333333 0.2074074074074074
