1 0.553125 0.6939814814814815 0.27291666666666664 0.058333333333333334
1 0.6145833333333334 0.7476851851851852 0.23333333333333334 0.24351851851851852
1 0.8471354166666667 0.7231481481481481 0.3046875 0.08518518518518518
1 0.33567708333333335 0.7694444444444445 0.22552083333333334 0.20555555555555555
1 0.5708333333333333 0.7763888888888889 0.084375 0.1361111111111111
1 0.71484375 0.6694444444444444 0.11927083333333334 0.07037037037037037
1 0.46015625 0.6569444444444444 0.04635416666666667 0.08055555555555556
1 0.50546875 0.7222222222222222 0.1984375 0.04259259259259259
2 0.39401041666666664 0.4115740740740741 0.034895833333333334 0.09166666666666666
2 0.63203125 0.5337962962962963 0.018229166666666668 0.058333333333333334
4 0.6338541666666667 0.5648148148148148 0.029166666666666667 0.2074074074074074
4 0.40859375 0.49444444444444446 0.08489583333333334 0.4351851851851852
