1 0.4942708333333333 0.7388888888888889 0.22291666666666668 0.044444444444444446
1 0.5606770833333333 0.7134259259259259 0.3046875 0.058333333333333334
1 0.6388020833333333 0.7773148148148148 0.1890625 0.18425925925925926
1 0.5122395833333333 0.6421296296296296 0.0328125 0.06388888888888888
1 0.725 0.6671296296296296 0.10104166666666667 0.0787037037037037
1 0.8619791666666666 0.7324074074074074 0.2708333333333333 0.09074074074074075
1 0.32005208333333335 0.7722222222222223 0.22864583333333333 0.21851851851851853
1 0.4671875 0.6513888888888889 0.03958333333333333 0.062037037037037036
1 0.57421875 0.8083333333333333 0.06614583333333333 0.12222222222222222
2 0.36614583333333334 0.4875 0.03229166666666667 0.05648148148148148
2 0.64453125 0.5287037037037037 0.025520833333333333 0.05185185185185185
2 0.37578125 0.39305555555555555 0.04010416666666667 0.08425925925925926
4 0.40338541666666666 0.5041666666666667 0.09010416666666667 0.49537037037037035
4 0.63671875 0.5597222222222222 0.04010416666666667 0.225
