1 0.5953125 0.8087962962962963 0.06145833333333333 0.08611111111111111
1 0.4973958333333333 0.7652777777777777 0.26875 0.05648148148148148
1 0.5700520833333333 0.7166666666666667 0.34322916666666664 0.07222222222222222
1 0.6518229166666667 0.7805555555555556 0.18802083333333333 0.17962962962962964
1 0.86015625 0.725925925925926 0.2786458333333333 0.08333333333333333
1 0.74765625 0.6675925925925926 0.1578125 0.07037037037037037
1 0.5106770833333333 0.6462962962962963 0.0359375 0.06851851851851852
1 0.46171875 0.6592592592592592 0.0453125 0.05
1 0.33541666666666664 0.6907407407407408 0.184375 0.05185185185185185
1 0.33098958333333334 0.7620370370370371 0.1890625 0.2111111111111111
2 0.3536458333333333 0.45925925925925926 0.03333333333333333 0.06111111111111111
2 0.6528645833333333 0.5203703703703704 0.0265625 0.06296296296296296
2 0.37604166666666666 0.36898148148148147 0.03229166666666667 0.10277777777777777
4 0.39348958333333334 0.4666666666666667 0.0859375 0.45925925925925926
4 0.6486979166666667 0.5509259259259259 0.04739583333333333 0.2351851851851852
