1 0.5755208333333334 0.7217592592592592 0.38645833333333335 0.0824074074074074
1 0.4984375 0.7787037037037037 0.340625 0.07037037037037037
1 0.6158854166666666 0.8356481481481481 0.0703125 0.08796296296296297
1 0.6536458333333334 0.7833333333333333 0.17291666666666666 0.1814814814814815
1 0.8677083333333333 0.7226851851851852 0.26145833333333335 0.07685185185185185
1 0.7611979166666667 0.6736111111111112 0.13489583333333333 0.0787037037037037
1 0.5203125 0.6476851851851851 0.03958333333333333 0.062037037037037036
1 0.3184895833333333 0.6828703703703703 0.20052083333333334 0.08425925925925926
1 0.30494791666666665 0.7833333333333333 0.19635416666666666 0.17777777777777778
2 0.3385416666666667 0.45 0.029166666666666667 0.07037037037037037
2 0.6583333333333333 0.5194444444444445 0.019791666666666666 0.046296296296296294
2 0.36354166666666665 0.33240740740740743 0.04583333333333333 0.12222222222222222
4 0.38776041666666666 0.44537037037037036 0.10052083333333334 0.5351851851851852
4 0.6575520833333334 0.5518518518518518 0.0453125 0.2574074074074074
