1 0.5880208333333333 0.7462962962962963 0.446875 0.08703703703703704
1 0.659375 0.7953703703703704 0.14791666666666667 0.14444444444444443
1 0.49973958333333335 0.8416666666666667 0.43802083333333336 0.06851851851851852
1 0.2984375 0.7916666666666666 0.17083333333333334 0.16111111111111112
1 0.29270833333333335 0.6995370370370371 0.23645833333333333 0.10277777777777777
1 0.9020833333333333 0.7351851851851852 0.19479166666666667 0.06481481481481481
1 0.7822916666666667 0.6777777777777778 0.13541666666666666 0.09814814814814815
1 0.5075520833333333 0.6680555555555555 0.10989583333333333 0.03425925925925926
1 0.52578125 0.649537037037037 0.030729166666666665 0.0787037037037037
2 0.31354166666666666 0.42916666666666664 0.036458333333333336 0.07685185185185185
2 0.34453125 0.30648148148148147 0.05364583333333333 0.1259259259259259
4 0.3723958333333333 0.42685185185185187 0.11770833333333333 0.5833333333333334
4 0.6588541666666666 0.5527777777777778 0.059375 0.2759259259259259
