1 0.615625 0.7689814814814815 0.5072916666666667 0.10092592592592593
1 0.67578125 0.8152777777777778 0.11822916666666666 0.12129629629629629
1 0.5247395833333334 0.6759259259259259 0.16197916666666667 0.04259259259259259
1 0.5223958333333333 0.6412037037037037 0.0375 0.0787037037037037
1 0.9049479166666666 0.7527777777777778 0.18697916666666667 0.06481481481481481
1 0.8182291666666667 0.6819444444444445 0.14270833333333333 0.09907407407407408
1 0.29765625 0.8115740740740741 0.1109375 0.125
1 0.31744791666666666 0.7300925925925926 0.1484375 0.075
1 0.22760416666666666 0.6763888888888889 0.08229166666666667 0.049074074074074076
2 0.2981770833333333 0.3907407407407407 0.0421875 0.06111111111111111
2 0.31875 0.2513888888888889 0.07291666666666667 0.12685185185185185
4 0.67578125 0.5523148148148148 0.06614583333333333 0.2601851851851852
4 0.35494791666666664 0.4212962962962963 0.15260416666666668 0.6722222222222223
