1 0.29739583333333336 0.750462962962963 0.15208333333333332 0.08981481481481482
1 0.6260416666666667 0.8263888888888888 0.6291666666666667 0.1712962962962963
1 0.88359375 0.7087962962962963 0.2296875 0.125
1 0.53203125 0.6814814814814815 0.1671875 0.04259259259259259
1 0.5286458333333334 0.6523148148148148 0.04479166666666667 0.08055555555555556
1 0.19661458333333334 0.6782407407407407 0.0796875 0.08611111111111111
2 0.2598958333333333 0.35138888888888886 0.0375 0.06574074074074074
2 0.2890625 0.20833333333333334 0.0875 0.1537037037037037
3 0.6916666666666667 0.49583333333333335 0.023958333333333335 0.05092592592592592
4 0.33046875 0.39490740740740743 0.1921875 0.7601851851851852
4 0.68203125 0.5430555555555555 0.0734375 0.262037037037037
