1 0.22942708333333334 0.7694444444444445 0.19739583333333333 0.13148148148148148
1 0.5442708333333334 0.6833333333333333 0.18125 0.04259259259259259
1 0.42213541666666665 0.6833333333333333 0.21302083333333333 0.07037037037037037
1 0.5895833333333333 0.6532407407407408 0.13125 0.0824074074074074
1 0.6447916666666667 0.8143518518518519 0.7052083333333333 0.175
1 0.8705729166666667 0.7 0.11822916666666666 0.1111111111111111
1 0.83046875 0.6615740740740741 0.1078125 0.04537037037037037
1 0.16223958333333333 0.6921296296296297 0.0921875 0.10277777777777777
2 0.21145833333333333 0.28425925925925927 0.05 0.07222222222222222
2 0.11979166666666667 0.4101851851851852 0.036458333333333336 0.12222222222222222
2 0.2591145833333333 0.1111111111111111 0.08802083333333334 0.13703703703703704
2 0.7083333333333334 0.487962962962963 0.028125 0.05555555555555555
4 0.7010416666666667 0.5314814814814814 0.07604166666666666 0.29074074074074074
