1 0.5494791666666666 0.6805555555555556 0.21145833333333333 0.040740740740740744
1 0.14635416666666667 0.7439814814814815 0.259375 0.25092592592592594
1 0.4205729166666667 0.6615740740740741 0.12760416666666666 0.12685185185185185
1 0.54140625 0.6513888888888889 0.059895833333333336 0.0824074074074074
1 0.60625 0.6481481481481481 0.14583333333333334 0.09259259259259259
1 0.88203125 0.6532407407407408 0.13385416666666666 0.058333333333333334
1 0.88359375 0.8212962962962963 0.23177083333333334 0.1814814814814815
1 0.92265625 0.6976851851851852 0.1453125 0.11388888888888889
2 0.053125 0.3476851851851852 0.05 0.12685185185185185
2 0.1515625 0.20185185185185187 0.040625 0.07592592592592592
2 0.2328125 0.0412037037037037 0.14895833333333333 0.08425925925925926
2 0.7302083333333333 0.5254629629629629 0.025 0.03981481481481482
2 0.7239583333333334 0.4759259259259259 0.028125 0.05925925925925926
4 0.71484375 0.4689814814814815 0.0703125 0.23981481481481481
