1 0.5653645833333333 0.6907407407407408 0.25052083333333336 0.05555555555555555
1 0.5416666666666666 0.6606481481481481 0.046875 0.08055555555555556
1 0.08828125 0.6837962962962963 0.17239583333333333 0.19907407407407407
1 0.38776041666666666 0.7097222222222223 0.26197916666666665 0.08981481481481482
1 0.9096354166666667 0.649537037037037 0.1328125 0.06574074074074074
1 0.9385416666666667 0.6893518518518519 0.121875 0.1175925925925926
2 0.7458333333333333 0.5208333333333334 0.025 0.03796296296296296
2 0.07135416666666666 0.11805555555555555 0.05 0.12685185185185185
2 0.74140625 0.4671296296296296 0.04010416666666667 0.0712962962962963
4 0.7341145833333333 0.475462962962963 0.07864583333333333 0.2490740740740741
