0 0.3924479166666667 0.7787037037037037 0.1421875 0.1814814814814815
0 0.8390625 0.7935185185185185 0.19895833333333332 0.1259259259259259
0 0.58046875 0.7712962962962963 0.11197916666666667 0.17962962962962964
0 0.6557291666666667 0.6995370370370371 0.15208333333333332 0.06388888888888888
1 0.5385416666666667 0.6810185185185185 0.153125 0.017592592592592594
2 0.39609375 0.5203703703703704 0.0390625 0.08148148148148149
2 0.79921875 0.3365740740740741 0.05677083333333333 0.11203703703703703
2 0.8828125 0.5879629629629629 0.052083333333333336 0.14444444444444443
4 0.5953125 0.5578703703703703 0.036458333333333336 0.18055555555555555
4 0.1140625 0.5268518518518519 0.09895833333333333 0.5203703703703704
