0 0.39947916666666666 0.7699074074074074 0.15208333333333332 0.19537037037037036
0 0.85625 0.7939814814814815 0.175 0.11388888888888889
0 0.665625 0.7032407407407407 0.17708333333333334 0.06759259259259259
0 0.5794270833333334 0.7699074074074074 0.1046875 0.1787037037037037
1 0.53984375 0.6768518518518518 0.15677083333333333 0.027777777777777776
2 0.3880208333333333 0.512962962962963 0.03229166666666667 0.07777777777777778
2 0.91953125 0.5967592592592592 0.05677083333333333 0.1675925925925926
2 0.8333333333333334 0.31203703703703706 0.04375 0.12037037037037036
4 0.5971354166666667 0.5708333333333333 0.0265625 0.175
4 0.1078125 0.5013888888888889 0.09895833333333333 0.5212962962962963
