1 0.38567708333333334 0.7606481481481482 0.2328125 0.23425925925925925
1 0.5877604166666667 0.7523148148148148 0.15677083333333333 0.24166666666666667
1 0.7627604166666667 0.7291666666666666 0.4744791666666667 0.2064814814814815
1 0.24166666666666667 0.6768518518518518 0.071875 0.018518518518518517
1 0.28854166666666664 0.7185185185185186 0.18854166666666666 0.07037037037037037
1 0.32135416666666666 0.7587962962962963 0.21875 0.1398148148148148
2 0.6486979166666667 0.5282407407407408 0.1046875 0.36018518518518516
2 0.16119791666666666 0.44814814814814813 0.10052083333333334 0.5740740740740741
2 0.5588541666666667 0.5986111111111111 0.06875 0.11203703703703703
4 0.66953125 0.5393518518518519 0.0921875 0.30092592592592593
