1 0.39817708333333335 0.7611111111111111 0.20677083333333332 0.22592592592592592
1 0.5947916666666667 0.7550925925925925 0.15729166666666666 0.24166666666666667
1 0.7630208333333334 0.725462962962963 0.4739583333333333 0.2064814814814815
1 0.31536458333333334 0.7638888888888888 0.23177083333333334 0.13703703703703704
1 0.25442708333333336 0.7268518518518519 0.22239583333333332 0.09259259259259259
1 0.21796875 0.6810185185185185 0.06927083333333334 0.026851851851851852
2 0.6838541666666667 0.5425925925925926 0.140625 0.42962962962962964
2 0.062239583333333334 0.40185185185185185 0.12447916666666667 0.6962962962962963
2 0.5674479166666667 0.5851851851851851 0.06822916666666666 0.14814814814814814
4 0.6822916666666666 0.5356481481481481 0.08333333333333333 0.325
