0 0.48489583333333336 0.8148148148148148 0.06666666666666667 0.11481481481481481
0 0.775 0.7972222222222223 0.19375 0.11851851851851852
0 0.9096354166666667 0.737037037037037 0.1796875 0.05925925925925926
0 0.4109375 0.7393518518518518 0.2125 0.22685185185185186
0 0.5989583333333334 0.7444444444444445 0.15625 0.2388888888888889
0 0.7973958333333333 0.7300925925925926 0.40520833333333334 0.15648148148148147
1 0.5059895833333333 0.6796296296296296 0.0171875 0.024074074074074074
1 0.6255208333333333 0.6717592592592593 0.028125 0.023148148148148147
2 0.3333333333333333 0.05740740740740741 0.06666666666666667 0.08148148148148149
2 0.7020833333333333 0.11805555555555555 0.5645833333333333 0.23796296296296296
4 0.7395833333333334 0.512962962962963 0.06354166666666666 0.26481481481481484
