0 0.38958333333333334 0.7574074074074074 0.234375 0.25555555555555554
0 0.49453125 0.7523148148148148 0.027604166666666666 0.08611111111111111
0 0.5895833333333333 0.749537037037037 0.14791666666666667 0.23796296296296296
0 0.6453125 0.7314814814814815 0.06041666666666667 0.07037037037037037
0 0.7861979166666667 0.7236111111111111 0.42135416666666664 0.18796296296296297
0 0.7705729166666667 0.7143518518518519 0.08802083333333334 0.041666666666666664
1 0.6018229166666667 0.6717592592592593 0.050520833333333334 0.04351851851851852
1 0.5875 0.6995370370370371 0.290625 0.03611111111111111
4 0.8572916666666667 0.4476851851851852 0.07604166666666666 0.4212962962962963
4 0.7395833333333334 0.5527777777777778 0.036458333333333336 0.24259259259259258
4 0.4921875 0.5287037037037037 0.04479166666666667 0.2962962962962963
