0 0.39348958333333334 0.7458333333333333 0.24427083333333333 0.2361111111111111
0 0.4791666666666667 0.8046296296296296 0.07083333333333333 0.12777777777777777
0 0.65390625 0.7490740740740741 0.2671875 0.24259259259259258
0 0.7151041666666667 0.774537037037037 0.13645833333333332 0.10833333333333334
0 0.79921875 0.7050925925925926 0.40260416666666665 0.20277777777777778
0 0.8697916666666666 0.7342592592592593 0.153125 0.06851851851851852
1 0.61484375 0.6685185185185185 0.06927083333333334 0.04259259259259259
1 0.609375 0.7162037037037037 0.36875 0.06574074074074074
4 0.909375 0.4203703703703704 0.07083333333333333 0.46296296296296297
4 0.7515625 0.5337962962962963 0.027083333333333334 0.22685185185185186
4 0.4940104166666667 0.5356481481481481 0.050520833333333334 0.3175925925925926
