0 0.38671875 0.736574074074074 0.2453125 0.22314814814814815
0 0.5895833333333333 0.7449074074074075 0.15208333333333332 0.23425925925925925
0 0.78359375 0.7074074074074074 0.4296875 0.17222222222222222
1 0.4747395833333333 0.8393518518518519 0.0421875 0.05648148148148148
1 0.6223958333333334 0.6787037037037037 0.08958333333333333 0.06666666666666667
1 0.95234375 0.7379629629629629 0.09427083333333333 0.04814814814814815
1 0.7934895833333333 0.8175925925925925 0.1359375 0.08333333333333333
1 0.63671875 0.7449074074074075 0.5109375 0.10092592592592593
4 0.9575520833333333 0.3787037037037037 0.07552083333333333 0.5592592592592592
4 0.7697916666666667 0.5185185185185185 0.034375 0.23148148148148148
4 0.48854166666666665 0.5087962962962963 0.052083333333333336 0.33425925925925926
