0 0.58671875 0.7560185185185185 0.15572916666666667 0.19722222222222222
0 0.68046875 0.7513888888888889 0.2671875 0.16944444444444445
0 0.71171875 0.7291666666666666 0.07864583333333333 0.05092592592592592
1 0.17421875 0.8495370370370371 0.07239583333333334 0.0712962962962963
1 0.39427083333333335 0.7541666666666667 0.19791666666666666 0.2212962962962963
1 0.7807291666666667 0.7388888888888889 0.21666666666666667 0.11851851851851852
1 0.87890625 0.8004629629629629 0.2421875 0.15092592592592594
2 0.43385416666666665 0.6027777777777777 0.028125 0.13333333333333333
4 0.15729166666666666 0.43287037037037035 0.11458333333333333 0.700925925925926
4 0.6502604166666667 0.4962962962962963 0.07135416666666666 0.23148148148148148
