0 0.5958333333333333 0.7796296296296297 0.159375 0.26296296296296295
0 0.8119791666666667 0.7490740740740741 0.15208333333333332 0.09259259259259259
0 0.6997395833333333 0.7550925925925925 0.34010416666666665 0.19722222222222222
0 0.62578125 0.6666666666666666 0.0546875 0.04814814814814815
0 0.8515625 0.711574074074074 0.10416666666666667 0.03425925925925926
0 0.7677083333333333 0.7472222222222222 0.065625 0.040740740740740744
1 0.38723958333333336 0.7560185185185185 0.20677083333333332 0.23981481481481481
1 0.8783854166666667 0.7972222222222223 0.15885416666666666 0.12962962962962962
2 0.42734375 0.6027777777777777 0.028645833333333332 0.13333333333333333
4 0.6614583333333334 0.47129629629629627 0.084375 0.22037037037037038
