0 0.6424479166666667 0.7578703703703704 0.24114583333333334 0.2212962962962963
0 0.7408854166666666 0.6912037037037037 0.3963541666666667 0.06759259259259259
0 0.6625 0.7726851851851851 0.25416666666666665 0.18425925925925926
0 0.6471354166666666 0.7152777777777778 0.0671875 0.041666666666666664
0 0.7416666666666667 0.7037037037037037 0.0875 0.03888888888888889
0 0.7955729166666666 0.7337962962962963 0.2713541666666667 0.0787037037037037
0 0.6127604166666667 0.6833333333333333 0.03697916666666667 0.022222222222222223
1 0.3932291666666667 0.7601851851851852 0.20208333333333334 0.22592592592592592
2 0.3575520833333333 0.5879629629629629 0.03177083333333333 0.2351851851851852
4 0.7859375 0.425 0.10729166666666666 0.5203703703703704
