0 0.596875 0.7592592592592593 0.17083333333333334 0.2222222222222222
0 0.8416666666666667 0.7476851851851852 0.31666666666666665 0.06944444444444445
0 0.6643229166666667 0.7791666666666667 0.24114583333333334 0.18611111111111112
0 0.6669270833333333 0.7296296296296296 0.08385416666666666 0.04259259259259259
0 0.7776041666666667 0.7226851851851852 0.11145833333333334 0.03796296296296296
0 0.8291666666666667 0.7027777777777777 0.33958333333333335 0.05
0 0.6200520833333333 0.6907407407407408 0.044270833333333336 0.025925925925925925
1 0.4005208333333333 0.7657407407407407 0.19375 0.22592592592592592
2 0.3359375 0.5699074074074074 0.03125 0.25833333333333336
4 0.8106770833333333 0.44351851851851853 0.12239583333333333 0.5259259259259259
