0 0.5984375 0.7583333333333333 0.165625 0.23148148148148148
0 0.7755208333333333 0.6791666666666667 0.44895833333333335 0.08055555555555556
0 0.6596354166666667 0.7638888888888888 0.2359375 0.18703703703703703
0 0.703125 0.7435185185185185 0.11145833333333334 0.07037037037037037
0 0.8135416666666667 0.7180555555555556 0.13645833333333332 0.04722222222222222
0 0.6330729166666667 0.6884259259259259 0.04635416666666667 0.032407407407407406
0 0.8471354166666667 0.750462962962963 0.2911458333333333 0.08611111111111111
1 0.39765625 0.7675925925925926 0.20052083333333334 0.22037037037037038
2 0.30026041666666664 0.5342592592592592 0.05677083333333333 0.29074074074074074
4 0.84375 0.387037037037037 0.14895833333333333 0.5648148148148148
