0 0.6359375 0.7541666666666667 0.24583333333333332 0.24351851851851852
0 0.80546875 0.7 0.39010416666666664 0.053703703703703705
0 0.6489583333333333 0.7694444444444445 0.22708333333333333 0.18888888888888888
0 0.7520833333333333 0.7726851851851851 0.165625 0.08425925925925926
0 0.6486979166666667 0.7032407407407407 0.05260416666666667 0.041666666666666664
0 0.8705729166666667 0.7625 0.25364583333333335 0.062037037037037036
1 0.39739583333333334 0.7546296296296297 0.20416666666666666 0.2
2 0.24869791666666666 0.4152777777777778 0.0515625 0.1527777777777778
2 0.5567708333333333 0.5995370370370371 0.040625 0.1361111111111111
4 0.8802083333333334 0.35185185185185186 0.14166666666666666 0.5981481481481481
