0 0.6372395833333333 0.7601851851851852 0.23697916666666666 0.23148148148148148
0 0.8515625 0.7097222222222223 0.296875 0.04722222222222222
0 0.6432291666666666 0.774537037037037 0.20625 0.19537037037037036
0 0.8270833333333333 0.8004629629629629 0.22604166666666667 0.10277777777777777
0 0.6666666666666666 0.7074074074074074 0.06458333333333334 0.037037037037037035
0 0.92109375 0.7449074074074075 0.1546875 0.04537037037037037
0 0.8940104166666667 0.7699074074074074 0.2046875 0.06944444444444445
1 0.39114583333333336 0.7532407407407408 0.19791666666666666 0.23425925925925925
2 0.1703125 0.49675925925925923 0.071875 0.4935185185185185
2 0.5604166666666667 0.5888888888888889 0.04479166666666667 0.1425925925925926
4 0.9627604166666667 0.3537037037037037 0.0609375 0.5259259259259259
4 0.8895833333333333 0.060648148148148145 0.084375 0.12129629629629629
