0 0.6315104166666666 0.749537037037037 0.23072916666666668 0.225
0 0.8158854166666667 0.7032407407407407 0.3692708333333333 0.062037037037037036
0 0.6455729166666667 0.7708333333333334 0.19947916666666668 0.18611111111111112
0 0.86328125 0.8148148148148148 0.17239583333333333 0.09074074074074075
0 0.9294270833333333 0.7847222222222222 0.13802083333333334 0.05092592592592592
0 0.9536458333333333 0.7546296296296297 0.08958333333333333 0.037037037037037035
0 0.6880208333333333 0.7180555555555556 0.07395833333333333 0.04537037037037037
1 0.3890625 0.7601851851851852 0.21041666666666667 0.23703703703703705
2 0.565625 0.5893518518518519 0.04895833333333333 0.15833333333333333
3 0.0578125 0.4638888888888889 0.084375 0.6833333333333333
