0 0.3653645833333333 0.7902777777777777 0.1546875 0.1824074074074074
0 0.940625 0.7620370370370371 0.11770833333333333 0.07592592592592592
0 0.665625 0.6925925925925925 0.11979166666666667 0.07777777777777778
1 0.5213541666666667 0.6578703703703703 0.3125 0.06018518518518518
1 0.48723958333333334 0.7277777777777777 0.15989583333333332 0.02962962962962963
1 0.6567708333333333 0.7842592592592592 0.221875 0.17962962962962964
2 0.9705729166666667 0.475462962962963 0.0546875 0.44166666666666665
4 0.6473958333333333 0.5351851851851852 0.07083333333333333 0.2351851851851852
4 0.48359375 0.5361111111111111 0.044270833333333336 0.23703703703703705
5 0.22005208333333334 0.3875 0.13802083333333334 0.775
