0 0.6158854166666666 0.7828703703703703 0.1109375 0.10833333333333334
0 0.8692708333333333 0.7513888888888889 0.25625 0.08425925925925926
0 0.32786458333333335 0.7643518518518518 0.14739583333333334 0.04537037037037037
1 0.11953125 0.7768518518518519 0.2390625 0.16296296296296298
1 0.6130208333333333 0.6944444444444444 0.4354166666666667 0.08518518518518518
2 0.82109375 0.6152777777777778 0.0234375 0.1638888888888889
4 0.4231770833333333 0.4550925925925926 0.13489583333333333 0.43796296296296294
4 0.8098958333333334 0.39351851851851855 0.13020833333333334 0.5888888888888889
4 0.56875 0.6189814814814815 0.036458333333333336 0.1175925925925926
4 0.46484375 0.562962962962963 0.0609375 0.17962962962962964
