0 0.29401041666666666 0.799537037037037 0.2609375 0.10277777777777777
0 0.65078125 0.8138888888888889 0.15572916666666667 0.1388888888888889
0 0.8927083333333333 0.762962962962963 0.21145833333333333 0.08518518518518518
1 0.0828125 0.812037037037037 0.1625 0.2037037037037037
1 0.5994791666666667 0.7314814814814815 0.4552083333333333 0.05925925925925926
1 0.7614583333333333 0.6847222222222222 0.146875 0.06018518518518518
1 0.48515625 0.6861111111111111 0.0671875 0.06666666666666667
1 0.53828125 0.6782407407407407 0.022395833333333334 0.05092592592592592
1 0.5955729166666667 0.6689814814814815 0.07552083333333333 0.05462962962962963
2 0.8427083333333333 0.6180555555555556 0.026041666666666668 0.18981481481481483
4 0.4075520833333333 0.3925925925925926 0.15885416666666666 0.44814814814814813
4 0.8510416666666667 0.3837962962962963 0.16666666666666666 0.5916666666666667
4 0.4713541666666667 0.5638888888888889 0.06875 0.18888888888888888
4 0.57421875 0.6194444444444445 0.0453125 0.11666666666666667
