0 0.18776041666666668 0.8328703703703704 0.33489583333333334 0.1527777777777778
0 0.6229166666666667 0.8314814814814815 0.08125 0.08703703703703704
0 0.7330729166666666 0.8134259259259259 0.12135416666666667 0.09166666666666666
0 0.9135416666666667 0.7694444444444445 0.15833333333333333 0.07592592592592592
1 0.6096354166666667 0.7347222222222223 0.5265625 0.0712962962962963
1 0.7796875 0.6875 0.14791666666666667 0.04351851851851852
1 0.4825520833333333 0.6703703703703704 0.0671875 0.06296296296296296
1 0.5333333333333333 0.6606481481481481 0.030208333333333334 0.049074074074074076
1 0.5895833333333333 0.6689814814814815 0.07916666666666666 0.03796296296296296
2 0.87109375 0.5884259259259259 0.027604166666666666 0.20092592592592592
4 0.45729166666666665 0.55 0.06979166666666667 0.1925925925925926
4 0.40572916666666664 0.41944444444444445 0.13645833333333332 0.5944444444444444
4 0.5677083333333334 0.612037037037037 0.035416666666666666 0.14629629629629629
4 0.88515625 0.350462962962963 0.18072916666666666 0.6935185185185185
