0 0.26510416666666664 0.8412037037037037 0.06666666666666667 0.058333333333333334
0 0.7783854166666667 0.8486111111111111 0.07135416666666666 0.05092592592592592
0 0.9609375 0.7648148148148148 0.06770833333333333 0.06481481481481481
1 0.6338541666666667 0.7597222222222222 0.634375 0.11574074074074074
1 0.803125 0.6981481481481482 0.17291666666666666 0.08148148148148149
1 0.4822916666666667 0.6791666666666667 0.06145833333333333 0.06759259259259259
1 0.5411458333333333 0.6689814814814815 0.035416666666666666 0.049074074074074076
1 0.6015625 0.6685185185185185 0.09479166666666666 0.06296296296296296
1 0.5919270833333333 0.7300925925925926 0.0953125 0.05648148148148148
2 0.9088541666666666 0.5796296296296296 0.030208333333333334 0.22407407407407406
4 0.36770833333333336 0.39861111111111114 0.178125 0.7342592592592593
4 0.45 0.5486111111111112 0.07708333333333334 0.22685185185185186
4 0.57421875 0.6194444444444445 0.0453125 0.11666666666666667
