1 0.36015625 0.7805555555555556 0.1453125 0.1685185185185185
1 0.54765625 0.7773148148148148 0.3578125 0.09166666666666666
1 0.4791666666666667 0.6638888888888889 0.05520833333333333 0.06296296296296296
1 0.5513020833333333 0.649537037037037 0.06614583333333333 0.05277777777777778
1 0.7096354166666666 0.7944444444444444 0.2390625 0.17037037037037037
1 0.9505208333333334 0.7513888888888889 0.09583333333333334 0.10833333333333334
1 0.30494791666666665 0.6717592592592593 0.12239583333333333 0.06018518518518518
1 0.5494791666666666 0.6592592592592592 0.0125 0.011111111111111112
1 0.5708333333333333 0.6583333333333333 0.017708333333333333 0.012962962962962963
2 0.30364583333333334 0.36898148148148147 0.04895833333333333 0.10092592592592593
