1 0.25338541666666664 0.6898148148148148 0.0984375 0.08148148148148149
1 0.3140625 0.7625 0.1 0.10833333333333334
1 0.4734375 0.6717592592592593 0.05625 0.04537037037037037
1 0.6494791666666667 0.812962962962963 0.6770833333333334 0.14074074074074075
1 0.8455729166666667 0.6671296296296296 0.10260416666666666 0.05092592592592592
1 0.53828125 0.674074074074074 0.1421875 0.024074074074074074
1 0.5510416666666667 0.6620370370370371 0.015625 0.016666666666666666
1 0.5736979166666667 0.6611111111111111 0.0234375 0.018518518518518517
2 0.21640625 0.2337962962962963 0.0734375 0.10277777777777777
2 0.125 0.5981481481481481 0.03125 0.2518518518518518
