1 0.928125 0.7439814814814815 0.14270833333333333 0.175
1 0.23541666666666666 0.7944444444444444 0.15416666666666667 0.2111111111111111
1 0.546875 0.6800925925925926 0.17916666666666667 0.028703703703703703
1 0.4583333333333333 0.6833333333333333 0.08020833333333334 0.05185185185185185
1 0.23125 0.6995370370370371 0.15 0.05648148148148148
1 0.5575520833333333 0.6671296296296296 0.019270833333333334 0.019444444444444445
1 0.5799479166666667 0.6625 0.0234375 0.017592592592592594
2 0.14505208333333333 0.14444444444444443 0.0921875 0.2074074074074074
2 0.19479166666666667 0.39814814814814814 0.04583333333333333 0.17777777777777778
2 0.08645833333333333 0.5782407407407407 0.03125 0.2638888888888889
2 0.8372395833333334 0.6759259259259259 0.0203125 0.024074074074074074
