1 0.22135416666666666 0.7907407407407407 0.05416666666666667 0.17407407407407408
1 0.16276041666666666 0.6912037037037037 0.14114583333333333 0.058333333333333334
1 0.94453125 0.7384259259259259 0.09947916666666666 0.10833333333333334
1 0.44296875 0.6824074074074075 0.12135416666666667 0.08888888888888889
1 0.5544270833333333 0.6976851851851852 0.20260416666666667 0.026851851851851852
1 0.5653645833333333 0.6810185185185185 0.019270833333333334 0.019444444444444445
1 0.59140625 0.6736111111111112 0.0234375 0.017592592592592594
1 0.5322916666666667 0.6597222222222222 0.020833333333333332 0.05648148148148148
2 0.13385416666666666 0.3402777777777778 0.059375 0.21388888888888888
2 0.051041666666666666 0.5717592592592593 0.05520833333333333 0.287962962962963
2 0.8619791666666666 0.6912037037037037 0.019791666666666666 0.03425925925925926
2 0.6776041666666667 0.6902777777777778 0.022916666666666665 0.023148148148148147
