1 0.13802083333333334 0.7046296296296296 0.19583333333333333 0.10740740740740741
1 0.1109375 0.8 0.11354166666666667 0.17777777777777778
1 0.44088541666666664 0.6981481481481482 0.12552083333333333 0.08148148148148149
1 0.5489583333333333 0.6939814814814815 0.23854166666666668 0.03425925925925926
1 0.5653645833333333 0.6810185185185185 0.019270833333333334 0.019444444444444445
1 0.5322916666666667 0.6597222222222222 0.020833333333333332 0.05648148148148148
2 0.06901041666666667 0.2675925925925926 0.059895833333333336 0.2074074074074074
2 0.76171875 0.687962962962963 0.0234375 0.040740740740740744
2 0.7234375 0.687962962962963 0.021875 0.03333333333333333
2 0.69375 0.6930555555555555 0.025 0.03981481481481482
