1 0.09869791666666666 0.6962962962962963 0.19322916666666667 0.17407407407407408
1 0.36770833333333336 0.6944444444444444 0.3145833333333333 0.12407407407407407
1 0.5411458333333333 0.6569444444444444 0.0375 0.08981481481481482
1 0.5760416666666667 0.6685185185185185 0.021875 0.03333333333333333
1 0.6033854166666667 0.6643518518518519 0.0203125 0.025
1 0.57734375 0.6962962962962963 0.2838541666666667 0.046296296296296294
2 0.7356770833333334 0.6814814814814815 0.03697916666666667 0.040740740740740744
2 0.7723958333333333 0.6736111111111112 0.023958333333333335 0.041666666666666664
2 0.8109375 0.6722222222222223 0.035416666666666666 0.022222222222222223
2 0.9533854166666667 0.6837962962962963 0.0234375 0.03611111111111111
