1 0.07317708333333334 0.7240740740740741 0.1421875 0.18333333333333332
1 0.30442708333333335 0.7791666666666667 0.2921875 0.05648148148148148
1 0.4752604166666667 0.6967592592592593 0.08489583333333334 0.1175925925925926
1 0.5481770833333334 0.687037037037037 0.04635416666666667 0.10185185185185185
1 0.7661458333333333 0.7171296296296297 0.140625 0.07685185185185185
1 0.5875 0.7356481481481482 0.328125 0.06574074074074074
1 0.5841145833333333 0.6953703703703704 0.027604166666666666 0.03148148148148148
1 0.6203125 0.6976851851851852 0.034375 0.030555555555555555
2 0.9875 0.6875 0.017708333333333333 0.04537037037037037
2 0.8494791666666667 0.6953703703703704 0.03229166666666667 0.04259259259259259
2 0.80546875 0.6995370370370371 0.025520833333333333 0.032407407407407406
2 0.7661458333333333 0.7023148148148148 0.03333333333333333 0.032407407407407406
