1 0.23958333333333334 0.7782407407407408 0.45 0.14166666666666666
1 0.4786458333333333 0.6837962962962963 0.07083333333333333 0.09166666666666666
1 0.55390625 0.6861111111111111 0.05364583333333333 0.11481481481481481
1 0.5622395833333333 0.7314814814814815 0.2984375 0.05185185185185185
1 0.8528645833333334 0.7430555555555556 0.1671875 0.13425925925925927
1 0.6325520833333333 0.6916666666666667 0.03177083333333333 0.03148148148148148
1 0.5921875 0.6921296296296297 0.028125 0.032407407407407406
2 0.8890625 0.6907407407407408 0.025 0.027777777777777776
2 0.8450520833333334 0.6907407407407408 0.0265625 0.040740740740740744
2 0.80703125 0.7027777777777777 0.034895833333333334 0.05185185185185185
