1 0.1875 0.7666666666666667 0.3229166666666667 0.12962962962962962
1 0.8236979166666667 0.7337962962962963 0.3536458333333333 0.16944444444444445
1 0.31796875 0.7564814814814815 0.1234375 0.12222222222222222
1 0.5151041666666667 0.7680555555555556 0.04895833333333333 0.14537037037037037
1 0.515625 0.6898148148148148 0.33645833333333336 0.05925925925925926
1 0.6119791666666666 0.7893518518518519 0.121875 0.16574074074074074
1 0.3966145833333333 0.788425925925926 0.14635416666666667 0.16574074074074074
4 0.5815104166666667 0.5689814814814815 0.0796875 0.23796296296296296
4 0.7239583333333334 0.5481481481481482 0.058333333333333334 0.3296296296296296
4 0.47682291666666665 0.5893518518518519 0.06822916666666666 0.15833333333333333
