1 0.1734375 0.7791666666666667 0.30104166666666665 0.11388888888888889
1 0.8309895833333333 0.7300925925925926 0.3380208333333333 0.15462962962962962
1 0.2677083333333333 0.7722222222222223 0.171875 0.1648148148148148
1 0.5166666666666667 0.7842592592592592 0.052083333333333336 0.17777777777777778
1 0.534375 0.6953703703703704 0.36770833333333336 0.09444444444444444
1 0.396875 0.7986111111111112 0.13541666666666666 0.14537037037037037
1 0.6208333333333333 0.7921296296296296 0.11458333333333333 0.16018518518518518
4 0.48932291666666666 0.5842592592592593 0.10885416666666667 0.17592592592592593
4 0.7299479166666667 0.549074074074074 0.10989583333333333 0.34074074074074073
4 0.58671875 0.5685185185185185 0.044270833333333336 0.15925925925925927
