1 0.16223958333333333 0.7861111111111111 0.26927083333333335 0.10185185185185185
1 0.8395833333333333 0.7296296296296296 0.321875 0.14814814814814814
1 0.24322916666666666 0.7907407407407407 0.1375 0.13148148148148148
1 0.515625 0.8226851851851852 0.05416666666666667 0.10092592592592593
1 0.5255208333333333 0.7180555555555556 0.42604166666666665 0.09166666666666666
1 0.3953125 0.8060185185185185 0.125 0.12314814814814815
1 0.6247395833333333 0.8013888888888889 0.11822916666666666 0.13796296296296295
4 0.48385416666666664 0.587037037037037 0.07291666666666667 0.1425925925925926
4 0.5911458333333334 0.5666666666666667 0.05416666666666667 0.18333333333333332
4 0.753125 0.5564814814814815 0.128125 0.34074074074074073
