1 0.13828125 0.7916666666666666 0.2203125 0.09074074074074075
1 0.8479166666666667 0.7296296296296296 0.30520833333333336 0.15555555555555556
1 0.21171875 0.8115740740740741 0.10572916666666667 0.12129629629629629
1 0.5278645833333333 0.8412037037037037 0.0296875 0.06388888888888888
1 0.5299479166666666 0.7194444444444444 0.5130208333333334 0.13148148148148148
1 0.37265625 0.8217592592592593 0.08489583333333334 0.09166666666666666
1 0.6333333333333333 0.8060185185185185 0.10208333333333333 0.12314814814814815
4 0.475 0.5856481481481481 0.07291666666666667 0.14166666666666666
4 0.7635416666666667 0.5157407407407407 0.15625 0.3537037037037037
4 0.59375 0.5708333333333333 0.06666666666666667 0.18611111111111112
