1 0.3177083333333333 0.7064814814814815 0.14375 0.04259259259259259
1 0.5122395833333333 0.8305555555555556 0.30364583333333334 0.09444444444444444
1 0.8325520833333333 0.7509259259259259 0.3296875 0.1537037037037037
1 0.53359375 0.6800925925925926 0.16510416666666666 0.030555555555555555
1 0.34713541666666664 0.7967592592592593 0.1109375 0.13796296296296295
1 0.47682291666666665 0.6685185185185185 0.0359375 0.02962962962962963
1 0.240625 0.6759259259259259 0.134375 0.03518518518518519
2 0.4703125 0.5837962962962963 0.08125 0.19537037037037036
2 0.6458333333333334 0.6087962962962963 0.04583333333333333 0.17314814814814813
4 0.6677083333333333 0.5685185185185185 0.15 0.37592592592592594
