1 0.2984375 0.7125 0.16875 0.049074074074074076
1 0.49140625 0.8407407407407408 0.34322916666666664 0.06481481481481481
1 0.8463541666666666 0.7578703703703704 0.3020833333333333 0.1398148148148148
1 0.5333333333333333 0.6819444444444445 0.17604166666666668 0.03611111111111111
1 0.33177083333333335 0.8037037037037037 0.09479166666666666 0.13333333333333333
1 0.4783854166666667 0.6583333333333333 0.028645833333333332 0.040740740740740744
1 0.20104166666666667 0.6685185185185185 0.178125 0.04814814814814815
2 0.4635416666666667 0.5851851851851851 0.08645833333333333 0.22037037037037038
2 0.8268229166666666 0.5944444444444444 0.0609375 0.18518518518518517
2 0.6627604166666666 0.6074074074074074 0.0390625 0.1648148148148148
4 0.6611979166666667 0.5680555555555555 0.15260416666666668 0.375
