1 0.26328125 0.7263888888888889 0.1984375 0.05648148148148148
1 0.8481770833333333 0.7310185185185185 0.3026041666666667 0.1638888888888889
1 0.5322916666666667 0.6805555555555556 0.1875 0.020370370370370372
1 0.30364583333333334 0.8111111111111111 0.052083333333333336 0.11481481481481481
1 0.471875 0.6685185185185185 0.042708333333333334 0.03518518518518519
1 0.17369791666666667 0.6671296296296296 0.20572916666666666 0.05462962962962963
2 0.4635416666666667 0.5726851851851852 0.08645833333333333 0.2212962962962963
2 0.8419270833333333 0.5925925925925926 0.0609375 0.18518518518518517
2 0.90625 0.6074074074074074 0.040625 0.16111111111111112
2 0.6692708333333334 0.6143518518518518 0.029166666666666667 0.21388888888888888
4 0.6830729166666667 0.5615740740740741 0.18697916666666667 0.41203703703703703
