1 0.23697916666666666 0.7361111111111112 0.22916666666666666 0.08518518518518518
1 0.8434895833333333 0.7324074074074074 0.30885416666666665 0.17222222222222222
1 0.5393229166666667 0.6837962962962963 0.17447916666666666 0.023148148148148147
1 0.24635416666666668 0.8231481481481482 0.04895833333333333 0.08333333333333333
1 0.12135416666666667 0.6615740740740741 0.21354166666666666 0.07314814814814814
1 0.46979166666666666 0.6726851851851852 0.042708333333333334 0.049074074074074076
1 0.52421875 0.6638888888888889 0.0140625 0.022222222222222223
2 0.4635416666666667 0.5625 0.08645833333333333 0.2212962962962963
2 0.86796875 0.5768518518518518 0.0609375 0.18518518518518517
2 0.92265625 0.6060185185185185 0.04114583333333333 0.16203703703703703
2 0.6838541666666667 0.6185185185185185 0.029166666666666667 0.21481481481481482
4 0.6911458333333333 0.5333333333333333 0.19166666666666668 0.43333333333333335
