1 0.19401041666666666 0.7541666666666667 0.2765625 0.09537037037037037
1 0.8434895833333333 0.7324074074074074 0.30885416666666665 0.17222222222222222
1 0.5440104166666667 0.6912037037037037 0.23385416666666667 0.032407407407407406
1 0.528125 0.6675925925925926 0.01875 0.037037037037037035
1 0.47421875 0.6722222222222223 0.03697916666666667 0.03148148148148148
1 0.109375 0.6675925925925926 0.21875 0.07037037037037037
2 0.46197916666666666 0.5606481481481481 0.10104166666666667 0.262037037037037
2 0.8869791666666667 0.5712962962962963 0.06041666666666667 0.18518518518518517
2 0.9434895833333333 0.5962962962962963 0.04114583333333333 0.16111111111111112
2 0.7015625 0.6171296296296296 0.029166666666666667 0.21388888888888888
4 0.7072916666666667 0.5254629629629629 0.17708333333333334 0.49907407407407406
