1 0.15494791666666666 0.7666666666666667 0.3109375 0.12777777777777777
1 0.8434895833333333 0.7324074074074074 0.30885416666666665 0.17222222222222222
1 0.5453125 0.6925925925925925 0.26979166666666665 0.04259259259259259
1 0.47760416666666666 0.6675925925925926 0.03229166666666667 0.040740740740740744
1 0.5302083333333333 0.6726851851851852 0.01875 0.03425925925925926
1 0.39557291666666666 0.7199074074074074 0.11614583333333334 0.032407407407407406
1 0.10182291666666667 0.6787037037037037 0.20260416666666667 0.07407407407407407
2 0.45807291666666666 0.5532407407407407 0.10885416666666667 0.27685185185185185
2 0.92265625 0.5587962962962963 0.059895833333333336 0.2324074074074074
2 0.9731770833333333 0.5763888888888888 0.04114583333333333 0.16203703703703703
2 0.7015625 0.6171296296296296 0.029166666666666667 0.21388888888888888
2 0.04010416666666667 0.5513888888888889 0.035416666666666666 0.24537037037037038
4 0.7322916666666667 0.5120370370370371 0.17291666666666666 0.5092592592592593
