1 0.14973958333333334 0.7837962962962963 0.2994791666666667 0.125
1 0.8434895833333333 0.7324074074074074 0.30885416666666665 0.17222222222222222
1 0.5388020833333333 0.7027777777777777 0.25677083333333334 0.03333333333333333
1 0.4703125 0.674537037037037 0.04375 0.05462962962962963
1 0.53203125 0.675 0.025520833333333333 0.044444444444444446
1 0.5864583333333333 0.6875 0.07916666666666666 0.013888888888888888
1 0.08125 0.6856481481481481 0.1625 0.06388888888888888
1 0.36770833333333336 0.7319444444444444 0.12916666666666668 0.03611111111111111
2 0.4549479166666667 0.5416666666666666 0.11510416666666666 0.3
2 0.9549479166666667 0.5587962962962963 0.059895833333333336 0.2324074074074074
2 0.98515625 0.5796296296296296 0.0296875 0.15555555555555556
2 0.7528645833333333 0.6046296296296296 0.03697916666666667 0.25925925925925924
4 0.7424479166666667 0.49907407407407406 0.20260416666666667 0.5796296296296296
