1 0.121875 0.7944444444444444 0.24375 0.1537037037037037
1 0.8385416666666666 0.7337962962962963 0.31875 0.16944444444444445
1 0.54921875 0.7027777777777777 0.28802083333333334 0.03888888888888889
1 0.47239583333333335 0.6759259259259259 0.046875 0.046296296296296294
1 0.53515625 0.6787037037037037 0.030729166666666665 0.05
1 0.5916666666666667 0.6912037037037037 0.084375 0.023148148148148147
1 0.05625 0.6958333333333333 0.1125 0.06388888888888888
1 0.35885416666666664 0.7402777777777778 0.15729166666666666 0.03981481481481482
2 0.4549479166666667 0.5416666666666666 0.11510416666666666 0.3
2 0.9700520833333334 0.5449074074074074 0.059895833333333336 0.2324074074074074
2 0.7765625 0.5944444444444444 0.05520833333333333 0.2851851851851852
4 0.7669270833333334 0.46435185185185185 0.2703125 0.6101851851851852
