1 0.09791666666666667 0.7754629629629629 0.19583333333333333 0.13240740740740742
1 0.8380208333333333 0.7157407407407408 0.3177083333333333 0.13333333333333333
1 0.5546875 0.7106481481481481 0.3104166666666667 0.062037037037037036
1 0.5354166666666667 0.6791666666666667 0.03958333333333333 0.03796296296296296
1 0.6015625 0.6962962962962963 0.08541666666666667 0.012962962962962963
1 0.465625 0.6768518518518518 0.06041666666666667 0.06111111111111111
1 0.3177083333333333 0.7578703703703704 0.21145833333333333 0.06574074074074074
2 0.4440104166666667 0.5305555555555556 0.12864583333333332 0.35
2 0.8140625 0.5708333333333333 0.05520833333333333 0.28425925925925927
4 0.8182291666666667 0.45046296296296295 0.25 0.6324074074074074
