1 0.046875 0.7921296296296296 0.09479166666666666 0.10277777777777777
1 0.8380208333333333 0.7157407407407408 0.3177083333333333 0.13333333333333333
1 0.5541666666666667 0.7342592592592593 0.35520833333333335 0.05555555555555555
1 0.46145833333333336 0.6856481481481481 0.06875 0.06388888888888888
1 0.5401041666666667 0.6875 0.0375 0.058333333333333334
1 0.6059895833333333 0.7023148148148148 0.0953125 0.019444444444444445
1 0.28125 0.7759259259259259 0.2677083333333333 0.07407407407407407
2 0.43984375 0.5157407407407407 0.1359375 0.4185185185185185
2 0.8549479166666667 0.5773148148148148 0.05364583333333333 0.3731481481481482
4 0.8380208333333333 0.41435185185185186 0.221875 0.6935185185185185
