0 0.28958333333333336 0.7680555555555556 0.253125 0.17685185185185184
0 0.6046875 0.7842592592592592 0.11979166666666667 0.15555555555555556
1 0.5049479166666667 0.700925925925926 0.19635416666666666 0.03333333333333333
1 0.8458333333333333 0.737037037037037 0.3072916666666667 0.07592592592592592
1 0.49505208333333334 0.6564814814814814 0.0359375 0.025925925925925925
1 0.5294270833333333 0.7944444444444444 0.0515625 0.1574074074074074
2 0.37604166666666666 0.4222222222222222 0.025 0.06296296296296296
2 0.621875 0.5370370370370371 0.013541666666666667 0.040740740740740744
2 0.36171875 0.5050925925925925 0.021354166666666667 0.03796296296296296
4 0.4002604166666667 0.5027777777777778 0.07239583333333334 0.37037037037037035
4 0.6161458333333333 0.5666666666666667 0.04895833333333333 0.21851851851851853
