0 0.2791666666666667 0.7689814814814815 0.253125 0.17685185185185184
0 0.6005208333333333 0.7875 0.109375 0.15462962962962962
1 0.5174479166666667 0.7055555555555556 0.2234375 0.05
1 0.49505208333333334 0.6564814814814814 0.0359375 0.025925925925925925
1 0.8763020833333334 0.7453703703703703 0.24635416666666668 0.05925925925925926
1 0.5270833333333333 0.7912037037037037 0.041666666666666664 0.13796296296296295
2 0.3703125 0.41435185185185186 0.025 0.06944444444444445
2 0.6255208333333333 0.5361111111111111 0.013541666666666667 0.040740740740740744
2 0.35911458333333335 0.49212962962962964 0.021354166666666667 0.03796296296296296
4 0.3958333333333333 0.48935185185185187 0.075 0.3824074074074074
4 0.61875 0.5685185185185185 0.04895833333333333 0.21851851851851853
