0 0.2791666666666667 0.7699074074074074 0.253125 0.175
0 0.6013020833333333 0.7861111111111111 0.10989583333333333 0.1537037037037037
1 0.5158854166666667 0.7203703703703703 0.31197916666666664 0.07037037037037037
1 0.49505208333333334 0.6564814814814814 0.0359375 0.025925925925925925
1 0.92890625 0.7541666666666667 0.14114583333333333 0.041666666666666664
1 0.5205729166666667 0.8125 0.04114583333333333 0.13796296296296295
2 0.3609375 0.4 0.03125 0.07407407407407407
2 0.6302083333333334 0.5324074074074074 0.015625 0.04259259259259259
2 0.34765625 0.4824074074074074 0.025520833333333333 0.03518518518518519
4 0.38697916666666665 0.48194444444444445 0.07916666666666666 0.39537037037037037
4 0.6247395833333333 0.5583333333333333 0.0484375 0.21851851851851853
