0 0.27760416666666665 0.7657407407407407 0.25 0.18333333333333332
0 0.6026041666666667 0.7930555555555555 0.10729166666666666 0.1398148148148148
1 0.54375 0.7101851851851851 0.2989583333333333 0.040740740740740744
1 0.51484375 0.6606481481481481 0.06822916666666666 0.028703703703703703
1 0.7278645833333334 0.7175925925925926 0.0546875 0.03333333333333333
1 0.46510416666666665 0.7458333333333333 0.21145833333333333 0.03796296296296296
1 0.6966145833333334 0.6685185185185185 0.11302083333333333 0.03888888888888889
1 0.525 0.8162037037037037 0.052083333333333336 0.1175925925925926
2 0.3546875 0.38425925925925924 0.03125 0.07407407407407407
2 0.6338541666666667 0.5296296296296297 0.015625 0.04259259259259259
2 0.3421875 0.47962962962962963 0.03229166666666667 0.04259259259259259
4 0.38125 0.4740740740740741 0.0875 0.4388888888888889
4 0.6286458333333333 0.5601851851851852 0.04895833333333333 0.21851851851851853
