0 0.6026041666666667 0.7930555555555555 0.10729166666666666 0.1398148148148148
1 0.2713541666666667 0.7643518518518518 0.2375 0.18611111111111112
1 0.45625 0.7620370370370371 0.25416666666666665 0.03518518518518519
1 0.5432291666666667 0.7138888888888889 0.325 0.046296296296296294
1 0.5213541666666667 0.6601851851851852 0.08125 0.027777777777777776
1 0.84296875 0.7324074074074074 0.24010416666666667 0.06296296296296296
1 0.6966145833333334 0.6685185185185185 0.11302083333333333 0.03888888888888889
1 0.53046875 0.8245370370370371 0.06302083333333333 0.10092592592592593
2 0.34609375 0.3680555555555556 0.03177083333333333 0.0787037037037037
2 0.6395833333333333 0.5236111111111111 0.015625 0.041666666666666664
2 0.33098958333333334 0.4699074074074074 0.0328125 0.04351851851851852
4 0.37578125 0.4638888888888889 0.09635416666666667 0.4648148148148148
4 0.6296875 0.549537037037037 0.04895833333333333 0.2175925925925926
