0 0.6080729166666666 0.7935185185185185 0.09635416666666667 0.1388888888888889
1 0.26979166666666665 0.7648148148148148 0.234375 0.18518518518518517
1 0.4484375 0.7833333333333333 0.28541666666666665 0.03888888888888889
1 0.5484375 0.7208333333333333 0.3697916666666667 0.06574074074074074
1 0.53125 0.6587962962962963 0.10104166666666667 0.025
1 0.8721354166666667 0.7398148148148148 0.2557291666666667 0.05925925925925926
1 0.7125 0.6726851851851852 0.09583333333333334 0.041666666666666664
1 0.5463541666666667 0.8375 0.042708333333333334 0.058333333333333334
2 0.33645833333333336 0.34675925925925927 0.03125 0.08425925925925926
2 0.6434895833333333 0.5166666666666667 0.016145833333333335 0.04259259259259259
2 0.31692708333333336 0.4449074074074074 0.0328125 0.04351851851851852
4 0.36692708333333335 0.4537037037037037 0.10989583333333333 0.5
4 0.6346354166666667 0.5430555555555555 0.044270833333333336 0.22314814814814815
