0 0.6080729166666666 0.7935185185185185 0.09635416666666667 0.1388888888888889
1 0.2635416666666667 0.7675925925925926 0.221875 0.17962962962962964
1 0.43776041666666665 0.8203703703703704 0.35260416666666666 0.046296296296296294
1 0.5567708333333333 0.7324074074074074 0.38645833333333335 0.06296296296296296
1 0.5356770833333333 0.6592592592592592 0.10989583333333333 0.025925925925925925
1 0.87890625 0.7421296296296296 0.2421875 0.05462962962962963
1 0.7333333333333333 0.6768518518518518 0.07708333333333334 0.04259259259259259
2 0.3234375 0.32546296296296295 0.03229166666666667 0.0824074074074074
2 0.6489583333333333 0.5166666666666667 0.015625 0.04259259259259259
2 0.30572916666666666 0.4351851851851852 0.03229166666666667 0.04259259259259259
4 0.35911458333333335 0.44074074074074077 0.12239583333333333 0.5333333333333333
4 0.6346354166666667 0.538425925925926 0.044270833333333336 0.22314814814814815
