0 0.6158854166666666 0.8189814814814815 0.06927083333333334 0.09907407407407408
1 0.25807291666666665 0.7685185185185185 0.2109375 0.17777777777777778
1 0.5627604166666667 0.7453703703703703 0.44427083333333334 0.06481481481481481
1 0.54140625 0.6685185185185185 0.12552083333333333 0.027777777777777776
1 0.8934895833333333 0.75 0.21302083333333333 0.03888888888888889
1 0.746875 0.6833333333333333 0.07916666666666666 0.05185185185185185
2 0.3098958333333333 0.29953703703703705 0.035416666666666666 0.09537037037037037
2 0.6544270833333333 0.5180555555555556 0.016145833333333335 0.041666666666666664
2 0.2825520833333333 0.4166666666666667 0.0328125 0.04259259259259259
4 0.33645833333333336 0.4305555555555556 0.12291666666666666 0.5648148148148148
4 0.64375 0.5268518518518519 0.053125 0.2037037037037037
