0 0.6158854166666666 0.8189814814814815 0.06927083333333334 0.09907407407407408
1 0.25026041666666665 0.7662037037037037 0.20989583333333334 0.1935185185185185
1 0.42916666666666664 0.825 0.353125 0.046296296296296294
1 0.5614583333333333 0.7620370370370371 0.5052083333333334 0.1037037037037037
1 0.54140625 0.6685185185185185 0.12552083333333333 0.027777777777777776
1 0.8934895833333333 0.75 0.21302083333333333 0.03888888888888889
1 0.76171875 0.6833333333333333 0.07864583333333333 0.05185185185185185
2 0.29192708333333334 0.2712962962962963 0.0390625 0.09814814814814815
2 0.6598958333333333 0.5083333333333333 0.015625 0.04259259259259259
2 0.2677083333333333 0.40370370370370373 0.03229166666666667 0.04259259259259259
3 0.18984375 0.47175925925925927 0.0109375 0.04722222222222222
4 0.3203125 0.41805555555555557 0.13020833333333334 0.6212962962962963
4 0.6489583333333333 0.5282407407407408 0.04791666666666667 0.20833333333333334
