0 0.6291666666666667 0.8439814814814814 0.042708333333333334 0.049074074074074076
1 0.23828125 0.7592592592592593 0.2234375 0.19074074074074074
1 0.5682291666666667 0.7810185185185186 0.5802083333333333 0.10092592592592593
1 0.54375 0.6731481481481482 0.12083333333333333 0.018518518518518517
1 0.8934895833333333 0.75 0.21302083333333333 0.03888888888888889
1 0.7783854166666667 0.6888888888888889 0.08177083333333333 0.08333333333333333
1 0.42578125 0.674074074074074 0.05364583333333333 0.020370370370370372
2 0.2734375 0.2439814814814815 0.036458333333333336 0.10277777777777777
2 0.6671875 0.5041666666666667 0.015625 0.041666666666666664
2 0.16640625 0.4537037037037037 0.015104166666666667 0.05
2 0.2453125 0.37546296296296294 0.03229166666666667 0.04351851851851852
4 0.30911458333333336 0.39490740740740743 0.14427083333333332 0.6768518518518518
4 0.65234375 0.5430555555555555 0.043229166666666666 0.2564814814814815
