1 0.42578125 0.6768518518518518 0.05364583333333333 0.020370370370370372
1 0.5458333333333333 0.6777777777777778 0.12083333333333333 0.018518518518518517
1 0.21119791666666668 0.7643518518518518 0.19322916666666667 0.18611111111111112
1 0.5791666666666667 0.8074074074074075 0.678125 0.11481481481481481
1 0.8934895833333333 0.75 0.21302083333333333 0.03888888888888889
1 0.7927083333333333 0.6856481481481481 0.08229166666666667 0.0824074074074074
2 0.67265625 0.4986111111111111 0.016145833333333335 0.041666666666666664
2 0.25677083333333334 0.20787037037037037 0.040625 0.11203703703703703
2 0.13828125 0.4412037037037037 0.0171875 0.062037037037037036
2 0.22317708333333333 0.3472222222222222 0.0328125 0.04259259259259259
2 0.6815104166666667 0.549074074074074 0.019270833333333334 0.04259259259259259
4 0.29010416666666666 0.38101851851851853 0.1625 0.7212962962962963
4 0.6552083333333333 0.5402777777777777 0.042708333333333334 0.27314814814814814
