1 0.546875 0.6787037037037037 0.12083333333333333 0.018518518518518517
1 0.4427083333333333 0.6782407407407407 0.0875 0.017592592592592594
1 0.8111979166666666 0.700925925925926 0.09739583333333333 0.1037037037037037
1 0.5736979166666667 0.8106481481481481 0.7442708333333333 0.12685185185185185
1 0.18697916666666667 0.7671296296296296 0.19375 0.18611111111111112
2 0.678125 0.4930555555555556 0.015625 0.041666666666666664
2 0.23697916666666666 0.1675925925925926 0.04583333333333333 0.11481481481481481
2 0.11276041666666667 0.425 0.015104166666666667 0.06111111111111111
2 0.19713541666666667 0.3226851851851852 0.0328125 0.04351851851851852
2 0.6872395833333333 0.5527777777777778 0.019270833333333334 0.04259259259259259
4 0.27265625 0.3736111111111111 0.18802083333333333 0.7490740740740741
4 0.6609375 0.5472222222222223 0.04895833333333333 0.29814814814814816
