1 0.5135416666666667 0.6736111111111112 0.25625 0.041666666666666664
1 0.8203125 0.7013888888888888 0.11041666666666666 0.10833333333333334
1 0.5888020833333333 0.8157407407407408 0.7880208333333333 0.13703703703703704
1 0.16171875 0.762962962962963 0.19322916666666667 0.18703703703703703
2 0.6848958333333334 0.4930555555555556 0.017708333333333333 0.05092592592592592
2 0.21458333333333332 0.12731481481481483 0.05416666666666667 0.11944444444444445
2 0.0875 0.40370370370370373 0.016666666666666666 0.06296296296296296
2 0.17291666666666666 0.2935185185185185 0.027083333333333334 0.05740740740740741
2 0.6927083333333334 0.5509259259259259 0.019791666666666666 0.04259259259259259
4 0.66953125 0.538425925925926 0.0421875 0.2972222222222222
