1 0.84375 0.7055555555555556 0.140625 0.10740740740740741
1 0.5127604166666667 0.6805555555555556 0.2546875 0.024074074074074074
1 0.13411458333333334 0.7601851851851852 0.19322916666666667 0.18703703703703703
1 0.6091145833333333 0.8388888888888889 0.7713541666666667 0.1388888888888889
2 0.18984375 0.0837962962962963 0.059895833333333336 0.13055555555555556
2 0.6895833333333333 0.48055555555555557 0.017708333333333333 0.05
2 0.059895833333333336 0.38287037037037036 0.020833333333333332 0.06944444444444445
2 0.14166666666666666 0.25555555555555554 0.028125 0.07407407407407407
2 0.7010416666666667 0.5319444444444444 0.019791666666666666 0.030555555555555555
4 0.67578125 0.5314814814814814 0.0453125 0.30185185185185187
