1 0.8901041666666667 0.7518518518518519 0.21979166666666666 0.21666666666666667
1 0.5065104166666666 0.6856481481481481 0.2598958333333333 0.026851851851851852
1 0.10234375 0.7587962962962963 0.19322916666666667 0.18611111111111112
1 0.5078125 0.6527777777777778 0.015625 0.03333333333333333
2 0.16666666666666666 0.053703703703703705 0.058333333333333334 0.10925925925925926
2 0.69765625 0.4777777777777778 0.018229166666666668 0.05
2 0.03515625 0.37175925925925923 0.028645833333333332 0.06018518518518518
2 0.11197916666666667 0.2324074074074074 0.028125 0.07407407407407407
2 0.7075520833333333 0.5287037037037037 0.019270833333333334 0.03148148148148148
4 0.6791666666666667 0.5199074074074074 0.04895833333333333 0.2935185185185185
