1 0.8901041666666667 0.7518518518518519 0.21979166666666666 0.21666666666666667
1 0.51640625 0.6847222222222222 0.29322916666666665 0.032407407407407406
1 0.08541666666666667 0.7615740740740741 0.17083333333333334 0.18425925925925926
1 0.50859375 0.6541666666666667 0.019270833333333334 0.025
2 0.7013020833333333 0.47453703703703703 0.018229166666666668 0.05092592592592592
2 0.012760416666666666 0.3587962962962963 0.025520833333333333 0.07314814814814814
2 0.14375 0.03564814814814815 0.05625 0.0712962962962963
2 0.08776041666666666 0.19768518518518519 0.0390625 0.08425925925925926
2 0.7075520833333333 0.5287037037037037 0.019270833333333334 0.03148148148148148
4 0.6817708333333333 0.5212962962962963 0.053125 0.3074074074074074
