1 0.06692708333333333 0.7439814814814815 0.12864583333333332 0.2101851851851852
1 0.53984375 0.6976851851851852 0.32135416666666666 0.05648148148148148
1 0.5059895833333333 0.6560185185185186 0.024479166666666666 0.03611111111111111
1 0.9078125 0.6930555555555555 0.18125 0.1398148148148148
1 0.24375 0.7101851851851851 0.21666666666666667 0.03148148148148148
1 0.44479166666666664 0.6638888888888889 0.125 0.07592592592592592
1 0.56796875 0.6546296296296297 0.07239583333333334 0.046296296296296294
2 0.7166666666666667 0.45925925925925926 0.022916666666666665 0.05555555555555555
2 0.7234375 0.5194444444444445 0.021875 0.04259259259259259
4 0.6940104166666666 0.5157407407407407 0.05364583333333333 0.31666666666666665
