1 0.06067708333333333 0.7453703703703703 0.11614583333333334 0.2074074074074074
1 0.5348958333333333 0.6953703703703704 0.315625 0.046296296296296294
1 0.5059895833333333 0.6560185185185186 0.024479166666666666 0.03611111111111111
1 0.9080729166666667 0.700462962962963 0.18072916666666666 0.125
1 0.24635416666666668 0.7111111111111111 0.2625 0.06296296296296296
1 0.45807291666666666 0.6583333333333333 0.09322916666666667 0.06481481481481481
1 0.5856770833333333 0.6583333333333333 0.1015625 0.044444444444444446
2 0.7166666666666667 0.45925925925925926 0.022916666666666665 0.05555555555555555
2 0.72734375 0.5194444444444445 0.021354166666666667 0.04259259259259259
4 0.6940104166666666 0.5074074074074074 0.05364583333333333 0.31666666666666665
