1 0.062239583333333334 0.7601851851851852 0.11927083333333334 0.17777777777777778
1 0.5231770833333333 0.7 0.2859375 0.05185185185185185
1 0.5059895833333333 0.6560185185185186 0.024479166666666666 0.03611111111111111
1 0.9127604166666666 0.6925925925925925 0.17447916666666666 0.12777777777777777
1 0.24791666666666667 0.7106481481481481 0.2708333333333333 0.05277777777777778
1 0.4544270833333333 0.6652777777777777 0.10260416666666666 0.07314814814814814
1 0.5635416666666667 0.6527777777777778 0.078125 0.05555555555555555
2 0.7197916666666667 0.45925925925925926 0.022916666666666665 0.05555555555555555
2 0.73203125 0.5212962962962963 0.021354166666666667 0.04259259259259259
4 0.7018229166666666 0.5060185185185185 0.05364583333333333 0.31574074074074077
