1 0.062239583333333334 0.7518518518518519 0.11927083333333334 0.17777777777777778
1 0.53515625 0.6949074074074074 0.27239583333333334 0.05277777777777778
1 0.5096354166666667 0.6578703703703703 0.0265625 0.05462962962962963
1 0.9127604166666666 0.6912037037037037 0.17447916666666666 0.12685185185185185
1 0.26067708333333334 0.7097222222222223 0.28177083333333336 0.08611111111111111
1 0.4544270833333333 0.6652777777777777 0.11197916666666667 0.0787037037037037
1 0.57421875 0.6587962962962963 0.09635416666666667 0.05648148148148148
2 0.7229166666666667 0.4537037037037037 0.022916666666666665 0.05555555555555555
2 0.7325520833333333 0.5194444444444445 0.021354166666666667 0.04259259259259259
4 0.7033854166666667 0.5060185185185185 0.05364583333333333 0.31574074074074077
