1 0.06848958333333334 0.7587962962962963 0.13177083333333334 0.1638888888888889
1 0.52734375 0.6981481481481482 0.29739583333333336 0.06296296296296296
1 0.5080729166666667 0.6592592592592592 0.030729166666666665 0.04259259259259259
1 0.9153645833333334 0.6856481481481481 0.16927083333333334 0.13796296296296295
1 0.2557291666666667 0.7189814814814814 0.25 0.07314814814814814
1 0.4625 0.6601851851851852 0.096875 0.06481481481481481
1 0.57421875 0.6532407407407408 0.09322916666666667 0.062037037037037036
2 0.725 0.4537037037037037 0.022916666666666665 0.05555555555555555
2 0.7325520833333333 0.5194444444444445 0.021354166666666667 0.04259259259259259
4 0.7075520833333333 0.5138888888888888 0.05677083333333333 0.35185185185185186
