1 0.08411458333333334 0.7574074074074074 0.16927083333333334 0.16111111111111112
1 0.54453125 0.6986111111111111 0.28489583333333335 0.0712962962962963
1 0.50625 0.6569444444444444 0.025 0.041666666666666664
1 0.91875 0.687037037037037 0.1625 0.13518518518518519
1 0.27838541666666666 0.7175925925925926 0.24322916666666666 0.053703703703703705
1 0.45625 0.6615740740740741 0.1125 0.0787037037037037
1 0.57109375 0.6541666666666667 0.09739583333333333 0.05648148148148148
2 0.725 0.4537037037037037 0.022916666666666665 0.05555555555555555
2 0.7372395833333333 0.5143518518518518 0.021354166666666667 0.04351851851851852
4 0.7075520833333333 0.5138888888888888 0.05677083333333333 0.35185185185185186
