1 0.08411458333333334 0.7574074074074074 0.16927083333333334 0.16111111111111112
1 0.5393229166666667 0.6967592592592593 0.2942708333333333 0.049074074074074076
1 0.5028645833333333 0.6523148148148148 0.033854166666666664 0.05462962962962963
1 0.91875 0.687037037037037 0.1625 0.13518518518518519
1 0.28151041666666665 0.7166666666666667 0.22552083333333334 0.05740740740740741
1 0.45390625 0.662962962962963 0.10364583333333334 0.07037037037037037
1 0.565625 0.6532407407407408 0.08958333333333333 0.05462962962962963
2 0.7265625 0.44814814814814813 0.022916666666666665 0.05555555555555555
2 0.7372395833333333 0.5143518518518518 0.021354166666666667 0.04351851851851852
4 0.7075520833333333 0.5138888888888888 0.05677083333333333 0.35185185185185186
