1 0.08411458333333334 0.7574074074074074 0.16927083333333334 0.16111111111111112
1 0.5338541666666666 0.6976851851851852 0.290625 0.03981481481481482
1 0.5057291666666667 0.6564814814814814 0.029166666666666667 0.05740740740740741
1 0.9075520833333334 0.6865740740740741 0.1859375 0.1287037037037037
1 0.27421875 0.7300925925925926 0.22864583333333333 0.062037037037037036
1 0.45078125 0.662962962962963 0.11614583333333334 0.07592592592592592
1 0.5734375 0.6537037037037037 0.10729166666666666 0.06666666666666667
2 0.7276041666666667 0.44814814814814813 0.022916666666666665 0.05555555555555555
2 0.7372395833333333 0.5143518518518518 0.021354166666666667 0.04351851851851852
4 0.7080729166666667 0.5138888888888888 0.05677083333333333 0.35185185185185186
