1 0.08411458333333334 0.7574074074074074 0.16927083333333334 0.16111111111111112
1 0.534375 0.7027777777777777 0.30520833333333336 0.06296296296296296
1 0.5078125 0.6587962962962963 0.030208333333333334 0.05092592592592592
1 0.9075520833333334 0.6865740740740741 0.1859375 0.1287037037037037
1 0.27109375 0.7171296296296297 0.22552083333333334 0.05462962962962963
1 0.44947916666666665 0.6662037037037037 0.11666666666666667 0.07685185185185185
1 0.5658854166666667 0.6523148148148148 0.0953125 0.06574074074074074
2 0.7276041666666667 0.44814814814814813 0.022916666666666665 0.05555555555555555
2 0.7372395833333333 0.5143518518518518 0.021354166666666667 0.04351851851851852
4 0.7096354166666666 0.5097222222222222 0.05677083333333333 0.3509259259259259
