1 0.08411458333333334 0.7574074074074074 0.16927083333333334 0.16111111111111112
1 0.53984375 0.7018518518518518 0.2942708333333333 0.06481481481481481
1 0.50390625 0.6606481481481481 0.0390625 0.049074074074074076
1 0.90703125 0.6791666666666667 0.1859375 0.1287037037037037
1 0.28098958333333335 0.7157407407407408 0.2390625 0.07592592592592592
1 0.45364583333333336 0.6620370370370371 0.10729166666666666 0.07222222222222222
1 0.5765625 0.6513888888888889 0.121875 0.05648148148148148
2 0.7307291666666667 0.44537037037037036 0.022916666666666665 0.05555555555555555
2 0.7372395833333333 0.5143518518518518 0.021354166666666667 0.04351851851851852
4 0.7096354166666666 0.5050925925925925 0.05677083333333333 0.3509259259259259
