1 0.08411458333333334 0.7574074074074074 0.16927083333333334 0.16111111111111112
1 0.5328125 0.6925925925925925 0.29270833333333335 0.06296296296296296
1 0.5041666666666667 0.6592592592592592 0.03854166666666667 0.05555555555555555
1 0.90703125 0.6791666666666667 0.1859375 0.1287037037037037
1 0.27578125 0.7203703703703703 0.2296875 0.05
1 0.45078125 0.6671296296296296 0.11302083333333333 0.07314814814814814
1 0.5768229166666666 0.6509259259259259 0.11197916666666667 0.040740740740740744
2 0.7307291666666667 0.44537037037037036 0.022916666666666665 0.05555555555555555
2 0.74296875 0.5162037037037037 0.021354166666666667 0.04351851851851852
4 0.7111979166666667 0.5060185185185185 0.06302083333333333 0.3472222222222222
