1 0.2604166666666667 0.7083333333333334 0.5104166666666666 0.06296296296296296
1 0.25807291666666665 0.6949074074074074 0.027604166666666666 0.028703703703703703
1 0.8145833333333333 0.7231481481481481 0.3614583333333333 0.15185185185185185
1 0.13541666666666666 0.6796296296296296 0.23958333333333334 0.07222222222222222
1 0.34348958333333335 0.663425925925926 0.1015625 0.08055555555555556
1 0.9283854166666666 0.6300925925925925 0.1421875 0.12129629629629629
1 0.7372395833333333 0.649537037037037 0.4005208333333333 0.11388888888888889
2 0.5356770833333333 0.4222222222222222 0.027604166666666666 0.06851851851851852
2 0.82109375 0.5805555555555556 0.0171875 0.12777777777777777
2 0.5466145833333333 0.4962962962962963 0.021354166666666667 0.04259259259259259
4 0.5059895833333333 0.4935185185185185 0.0796875 0.43148148148148147
