1 0.22005208333333334 0.7097222222222223 0.4328125 0.032407407407407406
1 0.21041666666666667 0.6893518518518519 0.01875 0.041666666666666664
1 0.7890625 0.7351851851851852 0.4125 0.12777777777777777
1 0.10390625 0.6694444444444444 0.20052083333333334 0.05740740740740741
1 0.30130208333333336 0.6662037037037037 0.09322916666666667 0.08611111111111111
1 0.9158854166666667 0.6263888888888889 0.14010416666666667 0.12314814814814815
1 0.7872395833333333 0.6347222222222222 0.38697916666666665 0.13425925925925927
2 0.49505208333333334 0.41203703703703703 0.03177083333333333 0.08148148148148149
2 0.79609375 0.5884259259259259 0.013020833333333334 0.12685185185185185
2 0.5052083333333334 0.4962962962962963 0.01875 0.053703703703703705
4 0.46770833333333334 0.4888888888888889 0.084375 0.44814814814814813
