1 0.18255208333333334 0.7129629629629629 0.3651041666666667 0.06481481481481481
1 0.17421875 0.6611111111111111 0.06302083333333333 0.09259259259259259
1 0.78046875 0.7467592592592592 0.4317708333333333 0.14351851851851852
1 0.09765625 0.6537037037037037 0.1953125 0.06666666666666667
1 0.2565104166666667 0.6583333333333333 0.0765625 0.09814814814814815
1 0.6489583333333333 0.6513888888888889 0.528125 0.13796296296296295
1 0.9065104166666667 0.6273148148148148 0.13072916666666667 0.11944444444444445
2 0.45286458333333335 0.38842592592592595 0.03697916666666667 0.09166666666666666
2 0.7713541666666667 0.5842592592592593 0.020833333333333332 0.14074074074074075
2 0.8518229166666667 0.5537037037037037 0.0109375 0.040740740740740744
2 0.4669270833333333 0.47824074074074074 0.018229166666666668 0.05277777777777778
4 0.42916666666666664 0.47638888888888886 0.096875 0.4842592592592593
