1 0.15442708333333333 0.7 0.30572916666666666 0.06111111111111111
1 0.74609375 0.7560185185185185 0.5005208333333333 0.125
1 0.084375 0.6361111111111111 0.165625 0.044444444444444446
1 0.13229166666666667 0.6606481481481481 0.07395833333333333 0.075
1 0.22239583333333332 0.6611111111111111 0.07083333333333333 0.09814814814814815
1 0.60703125 0.6518518518518519 0.5692708333333333 0.12777777777777777
1 0.8950520833333333 0.6328703703703704 0.1171875 0.14722222222222223
2 0.41796875 0.36342592592592593 0.033854166666666664 0.08796296296296297
2 0.75234375 0.5842592592592593 0.0203125 0.14074074074074075
2 0.834375 0.5574074074074075 0.0125 0.04259259259259259
2 0.42994791666666665 0.46435185185185185 0.0265625 0.05462962962962963
4 0.3893229166666667 0.4634259259259259 0.09947916666666666 0.5194444444444445
