1 0.13046875 0.7074074074074074 0.2609375 0.08703703703703704
1 0.6994791666666667 0.7587962962962963 0.59375 0.11944444444444445
1 0.08307291666666666 0.6236111111111111 0.16302083333333334 0.041666666666666664
1 0.10833333333333334 0.6462962962962963 0.10833333333333334 0.08148148148148149
1 0.18515625 0.6560185185185186 0.050520833333333334 0.11203703703703703
1 0.88515625 0.649074074074074 0.1171875 0.16296296296296298
1 0.5666666666666667 0.6731481481481482 0.5958333333333333 0.15
2 0.3809895833333333 0.3449074074074074 0.033854166666666664 0.08796296296296297
2 0.7377604166666667 0.5888888888888889 0.019270833333333334 0.15
2 0.8169270833333333 0.5569444444444445 0.0140625 0.049074074074074076
2 0.39375 0.449537037037037 0.026041666666666668 0.05462962962962963
4 0.35546875 0.45185185185185184 0.09947916666666666 0.5537037037037037
