1 0.13072916666666667 0.7013888888888888 0.26145833333333335 0.0712962962962963
1 0.7203125 0.7555555555555555 0.5520833333333334 0.1259259259259259
1 0.8809895833333333 0.6435185185185185 0.08697916666666666 0.1388888888888889
1 0.5184895833333333 0.6638888888888889 0.6984375 0.1388888888888889
1 0.07057291666666667 0.6537037037037037 0.12864583333333332 0.08518518518518518
1 0.14322916666666666 0.6564814814814814 0.04895833333333333 0.12777777777777777
2 0.33880208333333334 0.31666666666666665 0.0390625 0.10555555555555556
2 0.71953125 0.586574074074074 0.021354166666666667 0.1527777777777778
2 0.8010416666666667 0.5634259259259259 0.010416666666666666 0.04351851851851852
2 0.3489583333333333 0.43287037037037035 0.026041666666666668 0.05462962962962963
4 0.31354166666666666 0.4388888888888889 0.10104166666666667 0.5944444444444444
