1 0.10677083333333333 0.6828703703703703 0.21354166666666666 0.11944444444444445
1 0.5338541666666666 0.6824074074074075 0.6510416666666666 0.15925925925925927
1 0.8744791666666667 0.6699074074074074 0.041666666666666664 0.15092592592592594
1 0.6861979166666666 0.7638888888888888 0.6203125 0.10925925925925926
1 0.05234375 0.6189814814814815 0.10364583333333334 0.05462962962962963
1 0.09479166666666666 0.6537037037037037 0.03854166666666667 0.10185185185185185
2 0.2994791666666667 0.2861111111111111 0.03958333333333333 0.10555555555555556
2 0.7028645833333333 0.5902777777777778 0.021354166666666667 0.1527777777777778
2 0.78359375 0.5851851851851851 0.011979166666666667 0.07962962962962963
2 0.30520833333333336 0.40879629629629627 0.030208333333333334 0.06574074074074074
4 0.27291666666666664 0.41203703703703703 0.1125 0.6592592592592592
