1 0.07864583333333333 0.7111111111111111 0.15729166666666666 0.1
1 0.43411458333333336 0.7180555555555556 0.6744791666666666 0.14166666666666666
1 0.8770833333333333 0.6685185185185185 0.036458333333333336 0.14814814814814814
1 0.6596354166666667 0.7925925925925926 0.6161458333333333 0.14444444444444443
1 0.05703125 0.6587962962962963 0.06197916666666667 0.11203703703703703
1 0.04140625 0.6106481481481482 0.0765625 0.030555555555555555
2 0.24296875 0.24814814814814815 0.0515625 0.12222222222222222
2 0.6846354166666667 0.587037037037037 0.024479166666666666 0.1648148148148148
2 0.7658854166666667 0.5912037037037037 0.0171875 0.11018518518518519
2 0.24661458333333333 0.3837962962962963 0.0296875 0.06574074074074074
4 0.21901041666666668 0.39861111111111114 0.11822916666666666 0.7157407407407408
