1 0.06901041666666667 0.7310185185185185 0.13802083333333334 0.09166666666666666
1 0.45807291666666666 0.725 0.6692708333333334 0.18333333333333332
1 0.8908854166666667 0.7 0.06510416666666667 0.18333333333333332
1 0.6455729166666667 0.8111111111111111 0.7088541666666667 0.12222222222222222
1 0.03359375 0.6296296296296297 0.050520833333333334 0.08888888888888889
1 0.7494791666666667 0.725925925925926 0.040625 0.05
2 0.18723958333333332 0.19490740740740742 0.05260416666666667 0.13240740740740742
2 0.6674479166666667 0.611574074074074 0.025520833333333333 0.18055555555555555
2 0.74765625 0.6129629629629629 0.015104166666666667 0.10740740740740741
2 0.19270833333333334 0.34305555555555556 0.030208333333333334 0.06574074074074074
4 0.17916666666666667 0.3907407407407407 0.1125 0.774074074074074
