1 0.75 0.7574074074074074 0.36770833333333336 0.1925925925925926
1 0.26927083333333335 0.7648148148148148 0.284375 0.19074074074074074
1 0.4934895833333333 0.6995370370370371 0.2296875 0.01574074074074074
1 0.5145833333333333 0.7861111111111111 0.06041666666666667 0.15185185185185185
1 0.4359375 0.7129629629629629 0.140625 0.020370370370370372
1 0.53828125 0.6884259259259259 0.08072916666666667 0.013888888888888888
2 0.60546875 0.6069444444444444 0.0203125 0.16018518518518518
2 0.3302083333333333 0.5990740740740741 0.023958333333333335 0.19814814814814816
2 0.4903645833333333 0.5935185185185186 0.04739583333333333 0.1814814814814815
4 0.73203125 0.5587962962962963 0.04114583333333333 0.3175925925925926
