1 0.7825520833333334 0.762962962962963 0.4328125 0.20555555555555555
1 0.2643229166666667 0.7671296296296296 0.2984375 0.18425925925925926
1 0.4869791666666667 0.7111111111111111 0.25416666666666665 0.025925925925925925
1 0.503125 0.7657407407407407 0.058333333333333334 0.18703703703703703
1 0.42630208333333336 0.7291666666666666 0.15364583333333334 0.012037037037037037
1 0.5390625 0.6958333333333333 0.090625 0.013888888888888888
2 0.6119791666666666 0.611574074074074 0.01875 0.175
2 0.3065104166666667 0.5912037037037037 0.0265625 0.21574074074074073
2 0.48515625 0.6060185185185185 0.04114583333333333 0.21388888888888888
4 0.7510416666666667 0.5518518518518518 0.04583333333333333 0.337037037037037
