1 0.24192708333333332 0.774074074074074 0.3046875 0.18333333333333332
1 0.78046875 0.7625 0.4328125 0.17685185185185184
1 0.49140625 0.7703703703703704 0.0453125 0.17222222222222222
1 0.47161458333333334 0.7291666666666666 0.2682291666666667 0.026851851851851852
1 0.4046875 0.7513888888888889 0.18333333333333332 0.03611111111111111
1 0.5325520833333334 0.7046296296296296 0.0984375 0.020370370370370372
2 0.6174479166666667 0.6032407407407407 0.019270833333333334 0.175
2 0.2721354166666667 0.5949074074074074 0.0359375 0.2712962962962963
2 0.4786458333333333 0.5972222222222222 0.03333333333333333 0.19074074074074074
4 0.7747395833333334 0.5527777777777778 0.05364583333333333 0.3685185185185185
