1 0.22760416666666666 0.7685185185185185 0.2875 0.18333333333333332
1 0.77890625 0.7597222222222222 0.4359375 0.1824074074074074
1 0.47682291666666665 0.7712962962962963 0.0390625 0.1814814814814815
1 0.45755208333333336 0.737037037037037 0.3234375 0.04259259259259259
1 0.371875 0.7578703703703704 0.22604166666666667 0.041666666666666664
1 0.5356770833333333 0.7064814814814815 0.13385416666666666 0.024074074074074074
2 0.22239583333333332 0.5833333333333334 0.0375 0.31851851851851853
2 0.6221354166666667 0.5990740740740741 0.0265625 0.22037037037037038
2 0.46927083333333336 0.5884259259259259 0.040625 0.225
4 0.7966145833333333 0.5328703703703703 0.059895833333333336 0.41388888888888886
