1 0.23203125 0.7662037037037037 0.2838541666666667 0.1638888888888889
1 0.76796875 0.7828703703703703 0.40989583333333335 0.20092592592592592
1 0.4765625 0.775 0.03229166666666667 0.18518518518518517
1 0.46171875 0.7296296296296296 0.3338541666666667 0.025925925925925925
1 0.5354166666666667 0.7060185185185185 0.12708333333333333 0.023148148148148147
1 0.375 0.7601851851851852 0.21041666666666667 0.04814814814814815
2 0.22552083333333334 0.5810185185185185 0.035416666666666666 0.30462962962962964
2 0.6190104166666667 0.6032407407407407 0.022395833333333334 0.2175925925925926
2 0.4674479166666667 0.5773148148148148 0.04010416666666667 0.21388888888888888
4 0.7903645833333334 0.5263888888888889 0.05677083333333333 0.41388888888888886
