1 0.18255208333333334 0.7777777777777778 0.2859375 0.15925925925925927
1 0.6872395833333333 0.7592592592592593 0.2578125 0.1574074074074074
1 0.28072916666666664 0.8282407407407407 0.340625 0.05648148148148148
1 0.45 0.7587962962962963 0.49895833333333334 0.06574074074074074
1 0.421875 0.6888888888888889 0.15625 0.024074074074074074
1 0.5361979166666667 0.6722222222222223 0.027604166666666666 0.024074074074074074
1 0.5598958333333334 0.6643518518518519 0.052083333333333336 0.03981481481481482
1 0.5270833333333333 0.7236111111111111 0.16770833333333332 0.026851851851851852
2 0.096875 0.549074074074074 0.04479166666666667 0.43703703703703706
2 0.6333333333333333 0.5805555555555556 0.03333333333333333 0.24814814814814815
2 0.4515625 0.5708333333333333 0.04375 0.262037037037037
4 0.846875 0.4703703703703704 0.078125 0.5018518518518519
