1 0.16354166666666667 0.7810185185185186 0.28020833333333334 0.1638888888888889
1 0.6822916666666666 0.7680555555555556 0.24479166666666666 0.1824074074074074
1 0.534375 0.6717592592592593 0.03125 0.021296296296296296
1 0.5578125 0.6657407407407407 0.05520833333333333 0.03888888888888889
1 0.4322916666666667 0.8004629629629629 0.6427083333333333 0.11203703703703703
1 0.4002604166666667 0.7013888888888888 0.1890625 0.032407407407407406
1 0.51953125 0.7416666666666667 0.17760416666666667 0.02962962962962963
2 0.015104166666666667 0.5287037037037037 0.029166666666666667 0.5037037037037037
2 0.63828125 0.5736111111111111 0.033854166666666664 0.287962962962963
2 0.43776041666666665 0.5625 0.05364583333333333 0.27685185185185185
4 0.89140625 0.45740740740740743 0.09635416666666667 0.5907407407407408
