1 0.1421875 0.7814814814814814 0.259375 0.12777777777777777
1 0.5309895833333333 0.6791666666666667 0.024479166666666666 0.01574074074074074
1 0.6067708333333334 0.7314814814814815 0.10416666666666667 0.12037037037037036
1 0.41848958333333336 0.8296296296296296 0.8151041666666666 0.12037037037037036
1 0.3809895833333333 0.7041666666666667 0.22552083333333334 0.03796296296296296
1 0.5609375 0.6726851851851852 0.03333333333333333 0.03981481481481482
1 0.5158854166666667 0.7620370370370371 0.20885416666666667 0.02962962962962963
2 0.65625 0.5731481481481482 0.036458333333333336 0.3314814814814815
2 0.42083333333333334 0.5625 0.04479166666666667 0.30648148148148147
4 0.9408854166666667 0.42083333333333334 0.0984375 0.6472222222222223
