1 0.3984375 0.7754629629629629 0.184375 0.18425925925925926
1 0.5552083333333333 0.6759259259259259 0.13645833333333332 0.02962962962962963
1 0.6247395833333333 0.7657407407407407 0.15885416666666666 0.19444444444444445
1 0.8083333333333333 0.7490740740740741 0.384375 0.12777777777777777
3 0.4440104166666667 0.537962962962963 0.10677083333333333 0.387037037037037
3 0.40677083333333336 0.5458333333333333 0.036458333333333336 0.0824074074074074
4 0.4552083333333333 0.587037037037037 0.030208333333333334 0.2
4 0.38359375 0.5574074074074075 0.025520833333333333 0.21666666666666667
4 0.6520833333333333 0.5666666666666667 0.03229166666666667 0.2111111111111111
4 0.8171875 0.30185185185185187 0.06979166666666667 0.07592592592592592
