1 0.3854166666666667 0.7763888888888889 0.184375 0.1935185185185185
1 0.5536458333333333 0.6722222222222223 0.13645833333333332 0.02962962962962963
1 0.6348958333333333 0.7685185185185185 0.15833333333333333 0.19444444444444445
1 0.8135416666666667 0.7361111111111112 0.371875 0.13333333333333333
3 0.42890625 0.5050925925925925 0.1078125 0.44166666666666665
3 0.3875 0.5217592592592593 0.03958333333333333 0.13425925925925927
4 0.45026041666666666 0.5708333333333333 0.030729166666666665 0.21944444444444444
4 0.3653645833333333 0.5388888888888889 0.0265625 0.2777777777777778
4 0.6640625 0.5513888888888889 0.03229166666666667 0.21203703703703702
4 0.8700520833333333 0.22361111111111112 0.0703125 0.075
4 0.4041666666666667 0.5597222222222222 0.025 0.19907407407407407
