1 0.38046875 0.7800925925925926 0.18489583333333334 0.18425925925925926
1 0.55703125 0.6712962962962963 0.1703125 0.027777777777777776
1 0.6372395833333333 0.7787037037037037 0.15989583333333332 0.17777777777777778
1 0.8177083333333334 0.7361111111111112 0.36354166666666665 0.13333333333333333
3 0.40989583333333335 0.475462962962963 0.12708333333333333 0.5287037037037037
3 0.35625 0.48009259259259257 0.03958333333333333 0.13425925925925927
4 0.3502604166666667 0.5421296296296296 0.0265625 0.32314814814814813
4 0.67890625 0.5439814814814815 0.044270833333333336 0.23981481481481481
4 0.9515625 0.15555555555555556 0.09479166666666666 0.1
4 0.44244791666666666 0.5523148148148148 0.049479166666666664 0.24537037037037038
4 0.3932291666666667 0.5717592592592593 0.034375 0.2601851851851852
