1 0.3697916666666667 0.7805555555555556 0.16666666666666666 0.16666666666666666
1 0.5729166666666666 0.6731481481481482 0.21458333333333332 0.027777777777777776
1 0.6645833333333333 0.7805555555555556 0.18125 0.16666666666666666
1 0.8401041666666667 0.737037037037037 0.31979166666666664 0.1
1 0.5171875 0.6990740740740741 0.13020833333333334 0.018518518518518517
3 0.32135416666666666 0.41574074074074074 0.25416666666666665 0.8314814814814815
3 0.22838541666666667 0.34953703703703703 0.07135416666666666 0.24351851851851852
4 0.4278645833333333 0.538425925925926 0.049479166666666664 0.3175925925925926
4 0.68984375 0.5273148148148148 0.04739583333333333 0.25833333333333336
4 0.2799479166666667 0.4912037037037037 0.050520833333333334 0.4527777777777778
4 0.3567708333333333 0.5296296296296297 0.034375 0.29444444444444445
