1 0.37057291666666664 0.7865740740740741 0.15885416666666666 0.1675925925925926
1 0.5729166666666666 0.687037037037037 0.21458333333333332 0.027777777777777776
1 0.5184895833333333 0.712037037037037 0.1484375 0.016666666666666666
1 0.6747395833333333 0.7842592592592592 0.18177083333333333 0.16666666666666666
1 0.8473958333333333 0.7375 0.30625 0.09537037037037037
2 0.40130208333333334 0.5467592592592593 0.0453125 0.0824074074074074
3 0.10364583333333334 0.21203703703703702 0.11458333333333333 0.3
4 0.23984375 0.45740740740740743 0.05364583333333333 0.5111111111111111
4 0.33229166666666665 0.5254629629629629 0.03333333333333333 0.3287037037037037
4 0.41796875 0.5342592592592592 0.049479166666666664 0.31666666666666665
4 0.7028645833333333 0.5217592592592593 0.04635416666666667 0.27870370370370373
