1 0.37057291666666664 0.7865740740740741 0.15885416666666666 0.1675925925925926
1 0.5848958333333333 0.6939814814814815 0.26666666666666666 0.03611111111111111
1 0.5143229166666666 0.7324074074074074 0.18072916666666666 0.020370370370370372
1 0.6856770833333333 0.7870370370370371 0.1703125 0.1648148148148148
1 0.8627604166666667 0.7361111111111112 0.2755208333333333 0.0962962962962963
2 0.38046875 0.5291666666666667 0.06302083333333333 0.08981481481481482
4 0.17682291666666666 0.4009259259259259 0.07552083333333333 0.6333333333333333
4 0.30078125 0.5037037037037037 0.04114583333333333 0.38333333333333336
4 0.40651041666666665 0.5208333333333334 0.059895833333333336 0.36574074074074076
4 0.7208333333333333 0.5120370370370371 0.051041666666666666 0.29814814814814816
