1 0.36484375 0.7916666666666666 0.14739583333333334 0.1574074074074074
1 0.60390625 0.6990740740740741 0.3203125 0.05555555555555555
1 0.5091145833333334 0.763425925925926 0.22864583333333333 0.028703703703703703
1 0.684375 0.7865740740740741 0.20625 0.1527777777777778
1 0.8783854166666667 0.7402777777777778 0.24427083333333333 0.08796296296296297
2 0.3606770833333333 0.5115740740740741 0.06510416666666667 0.11203703703703703
4 0.10026041666666667 0.37175925925925923 0.10260416666666666 0.7453703703703703
4 0.26666666666666666 0.475462962962963 0.05520833333333333 0.4861111111111111
4 0.38776041666666666 0.5078703703703704 0.0640625 0.4046296296296296
4 0.7369791666666666 0.49953703703703706 0.06458333333333334 0.33240740740740743
