1 0.9541666666666667 0.6944444444444444 0.06666666666666667 0.07222222222222222
1 0.89453125 0.649074074074074 0.13697916666666668 0.03518518518518519
1 0.2942708333333333 0.7898148148148149 0.08020833333333334 0.1648148148148148
1 0.23229166666666667 0.6666666666666666 0.18229166666666666 0.046296296296296294
1 0.5822916666666667 0.649537037037037 0.146875 0.032407407407407406
1 0.4234375 0.6601851851851852 0.196875 0.016666666666666666
1 0.7395833333333334 0.6513888888888889 0.14375 0.019444444444444445
2 0.49166666666666664 0.5847222222222223 0.021875 0.13055555555555556
2 0.11510416666666666 0.4462962962962963 0.030208333333333334 0.07407407407407407
2 0.9510416666666667 0.4356481481481482 0.023958333333333335 0.08425925925925926
4 0.9098958333333333 0.40324074074074073 0.11354166666666667 0.537962962962963
4 0.09192708333333334 0.4398148148148148 0.09427083333333333 0.5277777777777778
4 0.06380208333333333 0.4625 0.049479166666666664 0.5731481481481482
