1 0.9671875 0.6861111111111111 0.06666666666666667 0.07222222222222222
1 0.91484375 0.6472222222222223 0.15989583333333332 0.03148148148148148
1 0.2942708333333333 0.7898148148148149 0.08020833333333334 0.1648148148148148
1 0.23984375 0.6694444444444444 0.2046875 0.040740740740740744
1 0.5822916666666667 0.649537037037037 0.146875 0.032407407407407406
1 0.4234375 0.6601851851851852 0.196875 0.016666666666666666
1 0.7395833333333334 0.6513888888888889 0.14375 0.019444444444444445
2 0.09192708333333334 0.44907407407407407 0.0296875 0.07407407407407407
2 0.9838541666666667 0.4134259259259259 0.023958333333333335 0.08425925925925926
2 0.87421875 0.5162037037037037 0.03177083333333333 0.0787037037037037
2 0.5005208333333333 0.549074074074074 0.030208333333333334 0.07407407407407407
4 0.9375 0.38287037037037036 0.12604166666666666 0.5509259259259259
4 0.08802083333333334 0.43703703703703706 0.09375 0.5277777777777778
4 0.0296875 0.42268518518518516 0.05416666666666667 0.5712962962962963
