1 0.41067708333333336 0.6717592592592593 0.19322916666666667 0.01574074074074074
1 0.20677083333333332 0.7800925925925926 0.07395833333333333 0.175
1 0.6203125 0.6615740740740741 0.16145833333333334 0.019444444444444445
1 0.93515625 0.638425925925926 0.12864583333333332 0.03981481481481482
1 0.22630208333333332 0.6861111111111111 0.17552083333333332 0.040740740740740744
2 0.5197916666666667 0.5527777777777778 0.021875 0.06296296296296296
2 0.7536458333333333 0.5532407407407407 0.022916666666666665 0.04722222222222222
2 0.08697916666666666 0.43194444444444446 0.040625 0.075
2 0.9057291666666667 0.500462962962963 0.022916666666666665 0.04722222222222222
4 0.9549479166666667 0.16712962962962963 0.0890625 0.21203703703703702
4 0.078125 0.4078703703703704 0.084375 0.5398148148148149
