1 0.23541666666666666 0.6865740740740741 0.20104166666666667 0.041666666666666664
1 0.20208333333333334 0.788425925925926 0.07395833333333333 0.175
1 0.43515625 0.6731481481481482 0.19322916666666667 0.014814814814814815
1 0.6596354166666667 0.6643518518518519 0.1609375 0.019444444444444445
1 0.9427083333333334 0.6421296296296296 0.11458333333333333 0.03796296296296296
2 0.08697916666666666 0.43194444444444446 0.040625 0.075
2 0.5583333333333333 0.5532407407407407 0.022916666666666665 0.06759259259259259
2 0.7947916666666667 0.5546296296296296 0.022916666666666665 0.04814814814814815
2 0.05234375 0.5074074074074074 0.024479166666666666 0.10925925925925926
2 0.9432291666666667 0.487962962962963 0.022916666666666665 0.04814814814814815
4 0.084375 0.4152777777777778 0.09791666666666667 0.5398148148148149
