1 0.24661458333333333 0.6972222222222222 0.2328125 0.040740740740740744
1 0.19869791666666667 0.7865740740740741 0.07552083333333333 0.14166666666666666
1 0.4705729166666667 0.6768518518518518 0.2640625 0.022222222222222223
1 0.7028645833333333 0.6597222222222222 0.1796875 0.019444444444444445
1 0.9427083333333334 0.637962962962963 0.11458333333333333 0.037037037037037035
2 0.08697916666666666 0.43194444444444446 0.040625 0.075
2 0.6010416666666667 0.5472222222222223 0.021875 0.06111111111111111
2 0.84296875 0.5393518518518519 0.022395833333333334 0.04722222222222222
2 0.058333333333333334 0.5023148148148148 0.029166666666666667 0.11388888888888889
2 0.9875 0.46574074074074073 0.022916666666666665 0.04814814814814815
4 0.09557291666666666 0.4375 0.11614583333333334 0.5342592592592592
