1 0.30520833333333336 0.7069444444444445 0.34375 0.03981481481481482
1 0.19869791666666667 0.7865740740740741 0.07552083333333333 0.14166666666666666
1 0.5630208333333333 0.6851851851851852 0.184375 0.03518518518518519
1 0.75859375 0.6564814814814814 0.18385416666666668 0.02962962962962963
1 0.9158854166666667 0.6458333333333334 0.1515625 0.030555555555555555
2 0.09322916666666667 0.40555555555555556 0.040625 0.07407407407407407
2 0.6502604166666667 0.5439814814814815 0.022395833333333334 0.06759259259259259
2 0.8984375 0.5282407407407408 0.022916666666666665 0.04722222222222222
2 0.06666666666666667 0.4962962962962963 0.025 0.10740740740740741
4 0.10911458333333333 0.41944444444444445 0.11614583333333334 0.5351851851851852
