1 0.31640625 0.7162037037037037 0.36822916666666666 0.062037037037037036
1 0.18333333333333332 0.8125 0.06875 0.10648148148148148
1 0.5932291666666667 0.6796296296296296 0.18958333333333333 0.03888888888888889
1 0.80546875 0.6578703703703703 0.1828125 0.028703703703703703
1 0.9515625 0.6449074074074074 0.096875 0.021296296296296296
2 0.10442708333333334 0.4 0.04010416666666667 0.07407407407407407
2 0.7052083333333333 0.5347222222222222 0.021875 0.06388888888888888
2 0.9505208333333334 0.5097222222222222 0.022916666666666665 0.04722222222222222
2 0.07994791666666666 0.4930555555555556 0.03697916666666667 0.12129629629629629
4 0.12760416666666666 0.42685185185185187 0.13125 0.5777777777777777
