1 0.49895833333333334 0.7888888888888889 0.7510416666666667 0.18888888888888888
1 0.9361979166666666 0.6657407407407407 0.1234375 0.08518518518518518
1 0.18619791666666666 0.7092592592592593 0.05364583333333333 0.18333333333333332
1 0.3463541666666667 0.6995370370370371 0.33229166666666665 0.15648148148148147
1 0.4625 0.6736111111111112 0.534375 0.10648148148148148
2 0.13697916666666668 0.2449074074074074 0.07083333333333333 0.09537037037037037
2 0.29973958333333334 0.5578703703703703 0.07760416666666667 0.262037037037037
2 0.9908854166666666 0.49953703703703706 0.0171875 0.16944444444444445
3 0.17447916666666666 0.48333333333333334 0.05625 0.16111111111111112
4 0.2453125 0.38287037037037036 0.171875 0.7657407407407407
