1 0.39791666666666664 0.7375 0.13020833333333334 0.262037037037037
1 0.584375 0.7412037037037037 0.22083333333333333 0.23796296296296296
1 0.56015625 0.6509259259259259 0.12760416666666666 0.06666666666666667
1 0.56640625 0.6912037037037037 0.04114583333333333 0.03796296296296296
1 0.89375 0.7273148148148149 0.159375 0.03611111111111111
1 0.88671875 0.7824074074074074 0.1609375 0.05185185185185185
2 0.6885416666666667 0.4513888888888889 0.159375 0.487962962962963
2 0.4315104166666667 0.600462962962963 0.03177083333333333 0.15092592592592594
4 0.1875 0.40185185185185185 0.08229166666666667 0.7351851851851852
4 0.40546875 0.575 0.019270833333333334 0.15185185185185185
