1 0.3697916666666667 0.7263888888888889 0.1875 0.287962962962963
1 0.58359375 0.7532407407407408 0.21302083333333333 0.23796296296296296
1 0.80625 0.7342592592592593 0.3104166666666667 0.14814814814814814
1 0.72421875 0.6375 0.07864583333333333 0.0787037037037037
2 0.46536458333333336 0.5763888888888888 0.04739583333333333 0.22314814814814815
4 0.43411458333333336 0.5476851851851852 0.05572916666666667 0.28055555555555556
4 0.44947916666666665 0.6046296296296296 0.04895833333333333 0.1814814814814815
4 0.5966145833333333 0.5569444444444445 0.030729166666666665 0.14722222222222223
4 0.5307291666666667 0.5875 0.036458333333333336 0.09907407407407408
4 0.7296875 0.5217592592592593 0.052083333333333336 0.18425925925925926
