1 0.49296875 0.6949074074074074 0.03177083333333333 0.12129629629629629
1 0.80625 0.7342592592592593 0.3104166666666667 0.14814814814814814
1 0.37447916666666664 0.7643518518518518 0.178125 0.21203703703703702
1 0.5880208333333333 0.7518518518518519 0.21875 0.23703703703703705
1 0.5955729166666667 0.6861111111111111 0.05677083333333333 0.05185185185185185
1 0.7919270833333333 0.6148148148148148 0.11197916666666667 0.1037037037037037
2 0.459375 0.5643518518518519 0.051041666666666666 0.23796296296296296
4 0.4395833333333333 0.513425925925926 0.04479166666666667 0.33240740740740743
4 0.45729166666666665 0.5902777777777778 0.04583333333333333 0.18425925925925926
4 0.6122395833333333 0.5310185185185186 0.025520833333333333 0.08981481481481482
4 0.5346354166666667 0.5722222222222222 0.027604166666666666 0.1
4 0.74609375 0.5097222222222222 0.04739583333333333 0.2101851851851852
