1 0.2872395833333333 0.6981481481481482 0.11614583333333334 0.07592592592592592
1 0.3768229166666667 0.7537037037037037 0.1546875 0.23333333333333334
1 0.49140625 0.7296296296296296 0.0421875 0.07407407407407407
1 0.6315104166666666 0.7194444444444444 0.0640625 0.05185185185185185
1 0.5916666666666667 0.7685185185185185 0.17083333333333334 0.21666666666666667
1 0.8317708333333333 0.624537037037037 0.16979166666666667 0.1527777777777778
2 0.45651041666666664 0.5486111111111112 0.08385416666666666 0.25092592592592594
4 0.4278645833333333 0.49953703703703706 0.0296875 0.3861111111111111
4 0.4549479166666667 0.587037037037037 0.044270833333333336 0.17962962962962964
4 0.6260416666666667 0.5671296296296297 0.03854166666666667 0.16574074074074074
4 0.53828125 0.5856481481481481 0.0453125 0.12685185185185185
4 0.7739583333333333 0.5125 0.042708333333333334 0.22685185185185186
