1 0.2203125 0.6990740740740741 0.14791666666666667 0.07777777777777778
1 0.3703125 0.7958333333333333 0.13958333333333334 0.15462962962962962
1 0.49296875 0.7814814814814814 0.0359375 0.11851851851851852
1 0.5885416666666666 0.7648148148148148 0.19479166666666667 0.23333333333333334
1 0.7015625 0.7597222222222222 0.11979166666666667 0.09166666666666666
1 0.7760416666666666 0.7162037037037037 0.05520833333333333 0.062037037037037036
1 0.4434895833333333 0.6782407407407407 0.0453125 0.09722222222222222
1 0.9177083333333333 0.6175925925925926 0.11041666666666666 0.1685185185185185
2 0.45026041666666666 0.5407407407407407 0.07552083333333333 0.3277777777777778
4 0.41354166666666664 0.4726851851851852 0.053125 0.4638888888888889
4 0.45078125 0.5935185185185186 0.0484375 0.22962962962962963
4 0.6315104166666666 0.5648148148148148 0.03802083333333333 0.17037037037037037
4 0.5416666666666666 0.575462962962963 0.03333333333333333 0.14166666666666666
4 0.8075520833333333 0.5023148148148148 0.04635416666666667 0.23981481481481481
