1 0.11953125 0.6888888888888889 0.22552083333333334 0.18333333333333332
1 0.5875 0.7675925925925926 0.21458333333333332 0.22592592592592592
1 0.7984375 0.8143518518518519 0.16875 0.10648148148148148
1 0.4875 0.8296296296296296 0.07604166666666666 0.1037037037037037
1 0.43776041666666665 0.6898148148148148 0.06927083333333334 0.10555555555555556
1 0.37083333333333335 0.7615740740740741 0.13645833333333332 0.15833333333333333
2 0.44166666666666665 0.513425925925926 0.10104166666666667 0.45092592592592595
4 0.6494791666666667 0.5587962962962963 0.04479166666666667 0.15092592592592594
4 0.846875 0.4949074074074074 0.05625 0.25092592592592594
4 0.45078125 0.5578703703703703 0.0546875 0.20462962962962963
4 0.3919270833333333 0.42916666666666664 0.06614583333333333 0.6138888888888889
