1 0.0546875 0.7300925925925926 0.096875 0.11203703703703703
1 0.3888020833333333 0.7467592592592592 0.1578125 0.1935185185185185
1 0.5778645833333333 0.7597222222222222 0.21197916666666666 0.25092592592592594
1 0.75078125 0.7013888888888888 0.16510416666666666 0.08796296296296297
2 0.4309895833333333 0.47129629629629627 0.12864583333333332 0.5296296296296297
4 0.6638020833333333 0.5518518518518518 0.05260416666666667 0.16296296296296298
4 0.88828125 0.43194444444444446 0.06927083333333334 0.20833333333333334
4 0.45390625 0.5407407407407407 0.06197916666666667 0.23333333333333334
4 0.36276041666666664 0.3939814814814815 0.1171875 0.7787037037037037
4 0.56015625 0.5703703703703704 0.034895833333333334 0.1259259259259259
4 0.4354166666666667 0.5847222222222223 0.042708333333333334 0.1361111111111111
