1 0.35963541666666665 0.7597222222222222 0.1828125 0.2324074074074074
1 0.7401041666666667 0.736574074074074 0.51875 0.19907407407407407
1 0.6455729166666667 0.6592592592592592 0.10677083333333333 0.07407407407407407
1 0.47291666666666665 0.6837962962962963 0.019791666666666666 0.03981481481481482
1 0.5666666666666667 0.7555555555555555 0.15729166666666666 0.2111111111111111
1 0.54375 0.674537037037037 0.019791666666666666 0.026851851851851852
2 0.5838541666666667 0.5587962962962963 0.07083333333333333 0.22685185185185186
4 0.3927083333333333 0.4412037037037037 0.07291666666666667 0.49722222222222223
4 0.7966145833333333 0.46620370370370373 0.050520833333333334 0.1824074074074074
4 0.4244791666666667 0.5638888888888889 0.04895833333333333 0.20925925925925926
