1 0.35885416666666664 0.7583333333333333 0.18333333333333332 0.23333333333333334
1 0.7333333333333333 0.7384259259259259 0.5322916666666667 0.19907407407407407
1 0.47942708333333334 0.6916666666666667 0.034895833333333334 0.040740740740740744
1 0.5651041666666666 0.7541666666666667 0.14583333333333334 0.22685185185185186
1 0.6760416666666667 0.6537037037037037 0.11354166666666667 0.08888888888888889
1 0.5596354166666667 0.6768518518518518 0.0296875 0.044444444444444446
2 0.5994791666666667 0.5486111111111112 0.06666666666666667 0.262037037037037
4 0.3729166666666667 0.37546296296296294 0.07291666666666667 0.6509259259259259
4 0.8286458333333333 0.4740740740740741 0.053125 0.25925925925925924
4 0.4296875 0.5578703703703703 0.06458333333333334 0.23425925925925925
4 0.6361979166666667 0.5587962962962963 0.027604166666666666 0.1824074074074074
