1 0.7200520833333334 0.6564814814814814 0.15677083333333333 0.1037037037037037
1 0.7380208333333333 0.7449074074074075 0.5229166666666667 0.19537037037037036
1 0.47760416666666666 0.7212962962962963 0.036458333333333336 0.046296296296296294
1 0.5703125 0.762962962962963 0.13958333333333334 0.2037037037037037
1 0.5885416666666666 0.700462962962963 0.03854166666666667 0.03796296296296296
1 0.35833333333333334 0.7574074074074074 0.19375 0.23703703703703705
2 0.6208333333333333 0.5328703703703703 0.08333333333333333 0.30648148148148147
4 0.8854166666666666 0.45555555555555555 0.041666666666666664 0.32407407407407407
4 0.42994791666666665 0.5458333333333333 0.0203125 0.19537037037037036
4 0.6609375 0.5597222222222222 0.0375 0.18055555555555555
