0 0.8872395833333333 0.6486111111111111 0.17760416666666667 0.15462962962962962
1 0.3697916666666667 0.7532407407407408 0.1875 0.23796296296296296
1 0.4713541666666667 0.8004629629629629 0.05416666666666667 0.1287037037037037
1 0.571875 0.7666666666666667 0.20104166666666667 0.2462962962962963
1 0.7236979166666667 0.787962962962963 0.14114583333333333 0.09259259259259259
1 0.6736979166666667 0.700462962962963 0.3651041666666667 0.11388888888888889
1 0.17942708333333332 0.7046296296296296 0.13489583333333333 0.12037037037037036
2 0.7119791666666667 0.4837962962962963 0.115625 0.4861111111111111
4 0.978125 0.3162037037037037 0.03958333333333333 0.28055555555555556
4 0.44166666666666665 0.5310185185185186 0.04583333333333333 0.24351851851851852
4 0.48072916666666665 0.6060185185185185 0.020833333333333332 0.09907407407407408
4 0.5239583333333333 0.5995370370370371 0.022916666666666665 0.10648148148148148
4 0.5958333333333333 0.5930555555555556 0.035416666666666666 0.15833333333333333
4 0.7002604166666667 0.5546296296296296 0.04010416666666667 0.21296296296296297
