1 0.37265625 0.7388888888888889 0.20260416666666667 0.24814814814814815
1 0.54921875 0.7393518518518518 0.1671875 0.21944444444444444
1 0.8208333333333333 0.8175925925925925 0.12708333333333333 0.1111111111111111
1 0.9763020833333333 0.6986111111111111 0.0421875 0.10833333333333334
1 0.07317708333333334 0.7180555555555556 0.1390625 0.10833333333333334
2 0.7825520833333334 0.4162037037037037 0.1453125 0.6101851851851852
4 0.7265625 0.5319444444444444 0.040625 0.21388888888888888
4 0.48515625 0.5976851851851852 0.021354166666666667 0.09907407407407408
4 0.5296875 0.5912037037037037 0.022916666666666665 0.10648148148148148
4 0.5994791666666667 0.5726851851851852 0.028125 0.13240740740740742
4 0.42942708333333335 0.4962962962962963 0.028645833333333332 0.24074074074074073
