1 0.903125 0.6861111111111111 0.1875 0.08518518518518518
1 0.59453125 0.7550925925925925 0.1734375 0.20277777777777778
1 0.30833333333333335 0.7796296296296297 0.334375 0.20925925925925926
1 0.7098958333333333 0.675 0.11979166666666667 0.08148148148148149
2 0.42916666666666664 0.5893518518518519 0.03333333333333333 0.03796296296296296
4 0.44036458333333334 0.5337962962962963 0.043229166666666666 0.3175925925925926
4 0.68828125 0.5731481481481482 0.04635416666666667 0.18518518518518517
4 0.9158854166666667 0.45416666666666666 0.07864583333333333 0.35462962962962963
4 0.62578125 0.6018518518518519 0.021354166666666667 0.13333333333333333
4 0.58828125 0.6236111111111111 0.024479166666666666 0.10092592592592593
4 0.45234375 0.5777777777777777 0.04635416666666667 0.18703703703703703
