1 0.37109375 0.7453703703703703 0.2078125 0.18518518518518517
1 0.59921875 0.7527777777777778 0.18072916666666666 0.22592592592592592
1 0.9364583333333333 0.6703703703703704 0.09895833333333333 0.10740740740740741
1 0.79296875 0.6800925925925926 0.10260416666666666 0.09907407407407408
1 0.68359375 0.6648148148148149 0.0546875 0.08518518518518518
2 0.42864583333333334 0.5833333333333334 0.034375 0.07962962962962963
4 0.9658854166666667 0.4597222222222222 0.03697916666666667 0.4083333333333333
4 0.72734375 0.5689814814814815 0.05677083333333333 0.22685185185185186
4 0.6377604166666667 0.600925925925926 0.024479166666666666 0.14629629629629629
4 0.596875 0.6092592592592593 0.022916666666666665 0.1259259259259259
4 0.43359375 0.5199074074074074 0.12239583333333333 0.4009259259259259
4 0.45546875 0.5745370370370371 0.0421875 0.1824074074074074
