1 0.3802083333333333 0.7611111111111111 0.19270833333333334 0.2074074074074074
1 0.60546875 0.7620370370370371 0.17864583333333334 0.20555555555555555
1 0.81171875 0.674074074074074 0.09010416666666667 0.05555555555555555
1 0.7127604166666667 0.6680555555555555 0.06197916666666667 0.06759259259259259
2 0.4192708333333333 0.5773148148148148 0.05625 0.06759259259259259
4 0.42161458333333335 0.5023148148148148 0.0515625 0.41388888888888886
4 0.73203125 0.5337962962962963 0.0328125 0.1398148148148148
4 0.6453125 0.586574074074074 0.03125 0.1361111111111111
4 0.59765625 0.6013888888888889 0.030729166666666665 0.11388888888888889
4 0.45026041666666666 0.5828703703703704 0.03802083333333333 0.19907407407407407
