1 0.3723958333333333 0.7671296296296296 0.20833333333333334 0.21203703703703702
1 0.8513020833333333 0.6703703703703704 0.13385416666666666 0.08518518518518518
1 0.7322916666666667 0.6671296296296296 0.0625 0.062037037037037036
1 0.6122395833333333 0.7583333333333333 0.1734375 0.21851851851851853
2 0.40338541666666666 0.5546296296296296 0.0390625 0.06111111111111111
4 0.7583333333333333 0.5402777777777777 0.035416666666666666 0.18796296296296297
4 0.6484375 0.5833333333333334 0.030208333333333334 0.15555555555555556
4 0.6109375 0.6129629629629629 0.022916666666666665 0.12962962962962962
4 0.4471354166666667 0.55 0.034895833333333334 0.19814814814814816
4 0.40989583333333335 0.47129629629629627 0.10416666666666667 0.49444444444444446
