1 0.37109375 0.7703703703703704 0.23802083333333332 0.2611111111111111
1 0.9072916666666667 0.6717592592592593 0.134375 0.08611111111111111
1 0.765625 0.6671296296296296 0.0625 0.062037037037037036
1 0.5815104166666667 0.7518518518518519 0.1484375 0.1962962962962963
3 0.3765625 0.5435185185185185 0.03854166666666667 0.06111111111111111
4 0.76875 0.5365740740740741 0.035416666666666666 0.18796296296296297
4 0.65859375 0.6083333333333333 0.0296875 0.15555555555555556
4 0.6135416666666667 0.624537037037037 0.022916666666666665 0.13055555555555556
4 0.44088541666666664 0.575 0.034895833333333334 0.19814814814814816
4 0.3796875 0.4412037037037037 0.10625 0.5527777777777778
4 0.5786458333333333 0.6046296296296296 0.026041666666666668 0.09074074074074075
