1 0.37005208333333334 0.7763888888888889 0.2359375 0.2490740740740741
1 0.9330729166666667 0.6689814814814815 0.13385416666666666 0.08611111111111111
1 0.8161458333333333 0.674074074074074 0.0625 0.06111111111111111
1 0.6114583333333333 0.7601851851851852 0.18958333333333333 0.20555555555555555
3 0.34010416666666665 0.5152777777777777 0.03854166666666667 0.062037037037037036
4 0.7908854166666667 0.5310185185185186 0.04010416666666667 0.19907407407407407
4 0.6705729166666666 0.6074074074074074 0.0296875 0.15555555555555556
4 0.584375 0.6087962962962963 0.01875 0.11018518518518519
4 0.34765625 0.4185185185185185 0.10572916666666667 0.7129629629629629
4 0.61875 0.6101851851851852 0.026041666666666668 0.09074074074074075
4 0.43359375 0.5819444444444445 0.044270833333333336 0.262037037037037
