0 0.9065104166666667 0.6884259259259259 0.1859375 0.032407407407407406
1 0.42630208333333336 0.7680555555555556 0.17760416666666667 0.20462962962962963
1 0.5549479166666667 0.7342592592592593 0.2203125 0.04814814814814815
1 0.63515625 0.763425925925926 0.1609375 0.20462962962962963
1 0.6325520833333333 0.6800925925925926 0.07447916666666667 0.03796296296296296
1 0.8984375 0.7648148148148148 0.20208333333333334 0.08703703703703704
1 0.9018229166666667 0.6430555555555556 0.1484375 0.04537037037037037
4 0.9578125 0.3453703703703704 0.084375 0.4166666666666667
4 0.7067708333333333 0.5689814814814815 0.028125 0.16018518518518518
4 0.6658854166666667 0.5958333333333333 0.0234375 0.1361111111111111
