0 0.8973958333333333 0.6851851851851852 0.20520833333333333 0.03333333333333333
1 0.38125 0.7546296296296297 0.265625 0.21666666666666667
1 0.56953125 0.7638888888888888 0.3078125 0.03333333333333333
1 0.6216145833333333 0.7587962962962963 0.18489583333333334 0.20833333333333334
1 0.6325520833333333 0.6800925925925926 0.07447916666666667 0.03796296296296296
1 0.8755208333333333 0.7819444444444444 0.20208333333333334 0.08611111111111111
1 0.8291666666666667 0.7148148148148148 0.08854166666666667 0.05
1 0.9072916666666667 0.6314814814814815 0.12916666666666668 0.06851851851851852
4 0.7067708333333333 0.5689814814814815 0.028125 0.16018518518518518
4 0.6658854166666667 0.5958333333333333 0.0234375 0.1361111111111111
