0 0.9192708333333334 0.7550925925925925 0.16041666666666668 0.09166666666666666
1 0.4244791666666667 0.7712962962962963 0.20729166666666668 0.2351851851851852
1 0.5825520833333333 0.7055555555555556 0.0640625 0.12777777777777777
1 0.6252604166666667 0.6537037037037037 0.0640625 0.09814814814814815
1 0.9283854166666666 0.6296296296296297 0.13385416666666666 0.06851851851851852
2 0.42890625 0.6231481481481481 0.0484375 0.2037037037037037
4 0.68203125 0.575462962962963 0.03802083333333333 0.11944444444444445
4 0.6518229166666667 0.5916666666666667 0.0265625 0.1
4 0.6322916666666667 0.6046296296296296 0.023958333333333335 0.08703703703703704
4 0.6158854166666666 0.6111111111111112 0.0171875 0.08518518518518518
