0 0.8692708333333333 0.7486111111111111 0.2604166666666667 0.10092592592592593
1 0.42265625 0.7574074074074074 0.20260416666666667 0.22592592592592592
1 0.6315104166666666 0.7620370370370371 0.1578125 0.22037037037037038
1 0.603125 0.6513888888888889 0.034375 0.06574074074074074
1 0.8606770833333334 0.6597222222222222 0.26614583333333336 0.06759259259259259
2 0.3346354166666667 0.6041666666666666 0.07760416666666667 0.3453703703703704
4 0.6846354166666667 0.5708333333333333 0.025520833333333333 0.14351851851851852
4 0.64609375 0.600462962962963 0.025520833333333333 0.14351851851851852
4 0.6252604166666667 0.6134259259259259 0.025520833333333333 0.14351851851851852
4 0.60703125 0.6162037037037037 0.0203125 0.12129629629629629
