0 0.8841145833333334 0.7462962962962963 0.22760416666666666 0.17962962962962964
1 0.42734375 0.7671296296296296 0.19427083333333334 0.2361111111111111
1 0.2630208333333333 0.7333333333333333 0.25 0.05555555555555555
1 0.853125 0.6324074074074074 0.2833333333333333 0.11666666666666667
1 0.6325520833333333 0.7638888888888888 0.16614583333333333 0.2388888888888889
3 0.26979166666666665 0.6069444444444444 0.04895833333333333 0.3787037037037037
4 0.6822916666666666 0.5847222222222223 0.020833333333333332 0.18611111111111112
4 0.6486979166666667 0.5949074074074074 0.021354166666666667 0.1361111111111111
4 0.628125 0.6111111111111112 0.035416666666666666 0.11481481481481481
4 0.6083333333333333 0.6236111111111111 0.026041666666666668 0.1361111111111111
