0 0.6955729166666667 0.6805555555555556 0.19427083333333334 0.11296296296296296
1 0.16796875 0.7421296296296296 0.2265625 0.1712962962962963
1 0.4192708333333333 0.7638888888888888 0.19375 0.22777777777777777
1 0.61640625 0.7564814814814815 0.13802083333333334 0.22037037037037038
1 0.78203125 0.6578703703703703 0.2015625 0.06018518518518518
2 0.1828125 0.5972222222222222 0.03229166666666667 0.2222222222222222
4 0.7044270833333334 0.5472222222222223 0.033854166666666664 0.1925925925925926
4 0.62109375 0.5662037037037037 0.0390625 0.16944444444444445
4 0.6520833333333333 0.5537037037037037 0.04375 0.18703703703703703
4 0.5953125 0.5851851851851851 0.026041666666666668 0.13703703703703704
