0 0.6567708333333333 0.7675925925925926 0.2625 0.2037037037037037
1 0.24088541666666666 0.7532407407407408 0.48072916666666665 0.22870370370370371
1 0.8125 0.6680555555555555 0.35833333333333334 0.05462962962962963
1 0.66640625 0.6893518518518519 0.050520833333333334 0.041666666666666664
1 0.8895833333333333 0.7203703703703703 0.18958333333333333 0.06111111111111111
1 0.41328125 0.7643518518518518 0.13177083333333334 0.2064814814814815
2 0.28411458333333334 0.5287037037037037 0.024479166666666666 0.07222222222222222
4 0.33645833333333336 0.42083333333333334 0.11458333333333333 0.5342592592592592
4 0.6130208333333333 0.49444444444444446 0.04791666666666667 0.07222222222222222
4 0.4671875 0.5694444444444444 0.041666666666666664 0.15
