0 0.6567708333333333 0.7675925925925926 0.2625 0.2037037037037037
1 0.24166666666666667 0.7518518518518519 0.4791666666666667 0.23148148148148148
1 0.8072916666666666 0.6722222222222223 0.36875 0.046296296296296294
1 0.6994791666666667 0.6962962962962963 0.07395833333333333 0.05925925925925926
1 0.94609375 0.736574074074074 0.1046875 0.05462962962962963
1 0.45677083333333335 0.712037037037037 0.053125 0.10925925925925926
2 0.23932291666666666 0.5050925925925925 0.0421875 0.07685185185185185
4 0.3106770833333333 0.3685185185185185 0.13697916666666668 0.6018518518518519
4 0.61875 0.4740740740740741 0.053125 0.08518518518518518
4 0.4671875 0.5694444444444444 0.041666666666666664 0.15
