0 0.6567708333333333 0.7675925925925926 0.2625 0.2037037037037037
1 0.2520833333333333 0.7861111111111111 0.465625 0.22777777777777777
1 0.80703125 0.6675925925925926 0.3776041666666667 0.05185185185185185
1 0.43072916666666666 0.7379629629629629 0.09895833333333333 0.14444444444444443
1 0.7466145833333333 0.7097222222222223 0.10260416666666666 0.058333333333333334
1 0.6260416666666667 0.6699074074074074 0.0375 0.030555555555555555
2 0.159375 0.4685185185185185 0.041666666666666664 0.07777777777777778
2 0.36953125 0.5944444444444444 0.030729166666666665 0.15555555555555556
4 0.6372395833333333 0.4898148148148148 0.06614583333333333 0.1388888888888889
4 0.4671875 0.5694444444444444 0.041666666666666664 0.15
