0 0.6567708333333333 0.7675925925925926 0.2625 0.2037037037037037
1 0.2520833333333333 0.7861111111111111 0.465625 0.22777777777777777
1 0.80703125 0.6675925925925926 0.3776041666666667 0.05185185185185185
1 0.6473958333333333 0.6773148148148148 0.05416666666666667 0.05462962962962963
1 0.8229166666666666 0.725 0.15833333333333333 0.07407407407407407
1 0.40729166666666666 0.7685185185185185 0.146875 0.2037037037037037
2 0.05130208333333333 0.39444444444444443 0.044270833333333336 0.09259259259259259
2 0.3455729166666667 0.5912037037037037 0.030729166666666665 0.20833333333333334
4 0.64921875 0.4675925925925926 0.06614583333333333 0.12962962962962962
4 0.4671875 0.5694444444444444 0.041666666666666664 0.15
