0 0.6528645833333333 0.7675925925925926 0.2630208333333333 0.2037037037037037
0 0.46484375 0.65 0.0578125 0.03518518518518519
1 0.18776041666666668 0.7486111111111111 0.3703125 0.12685185185185185
1 0.8244791666666667 0.674537037037037 0.34375 0.0712962962962963
1 0.65625 0.6814814814814815 0.042708333333333334 0.03518518518518519
1 0.8338541666666667 0.7324074074074074 0.15625 0.07407407407407407
1 0.4036458333333333 0.7666666666666667 0.165625 0.20555555555555555
1 0.303125 0.6976851851851852 0.246875 0.06388888888888888
2 0.030208333333333334 0.3726851851851852 0.058333333333333334 0.4027777777777778
2 0.2296875 0.5805555555555556 0.036458333333333336 0.23703703703703705
4 0.7388020833333333 0.47175925925925927 0.09114583333333333 0.4064814814814815
4 0.45989583333333334 0.5569444444444445 0.05520833333333333 0.18425925925925926
