0 0.6528645833333333 0.7675925925925926 0.2630208333333333 0.2037037037037037
0 0.4479166666666667 0.6574074074074074 0.0875 0.03888888888888889
0 0.2375 0.6587962962962963 0.09479166666666666 0.05462962962962963
1 0.16901041666666666 0.7546296296296297 0.33697916666666666 0.11666666666666667
1 0.8244791666666667 0.674537037037037 0.34375 0.0712962962962963
1 0.67734375 0.6898148148148148 0.050520833333333334 0.03518518518518519
1 0.9145833333333333 0.7300925925925926 0.16979166666666667 0.07314814814814814
1 0.45755208333333336 0.700462962962963 0.05572916666666667 0.07314814814814814
1 0.23098958333333333 0.7078703703703704 0.32447916666666665 0.07314814814814814
2 0.11770833333333333 0.5458333333333333 0.04791666666666667 0.3416666666666667
4 0.45625 0.549074074074074 0.0625 0.2222222222222222
4 0.7770833333333333 0.40694444444444444 0.121875 0.4675925925925926
