0 0.6528645833333333 0.7675925925925926 0.2630208333333333 0.2037037037037037
0 0.43645833333333334 0.6652777777777777 0.11041666666666666 0.05092592592592592
0 0.20078125 0.6625 0.08072916666666667 0.06759259259259259
0 0.22604166666666667 0.6648148148148149 0.05416666666666667 0.03333333333333333
0 0.25390625 0.6652777777777777 0.04739583333333333 0.03611111111111111
1 0.140625 0.7597222222222222 0.28125 0.09537037037037037
1 0.45625 0.7199074074074074 0.08125 0.13055555555555556
1 0.8244791666666667 0.674537037037037 0.34375 0.0712962962962963
1 0.65859375 0.7324074074074074 0.20052083333333334 0.13333333333333333
1 0.9765625 0.7481481481481481 0.04583333333333333 0.044444444444444446
1 0.7177083333333333 0.6976851851851852 0.08645833333333333 0.04537037037037037
1 0.190625 0.7199074074074074 0.38125 0.08981481481481482
4 0.45651041666666664 0.5439814814814815 0.05364583333333333 0.23981481481481481
4 0.8354166666666667 0.3726851851851852 0.125 0.5212962962962963
