0 0.6528645833333333 0.7675925925925926 0.2630208333333333 0.2037037037037037
0 0.7515625 0.7625 0.35833333333333334 0.1935185185185185
0 0.41458333333333336 0.6657407407407407 0.15520833333333334 0.06296296296296296
0 0.14401041666666667 0.6601851851851852 0.0578125 0.07407407407407407
0 0.19765625 0.6648148148148149 0.07135416666666666 0.04259259259259259
0 0.24114583333333334 0.663425925925926 0.071875 0.04351851851851852
1 0.09505208333333333 0.7689814814814815 0.19010416666666666 0.07685185185185185
1 0.8244791666666667 0.674537037037037 0.34375 0.0712962962962963
1 0.7026041666666667 0.6981481481481482 0.23958333333333334 0.1037037037037037
1 0.42213541666666665 0.7532407407407408 0.14739583333333334 0.20462962962962963
1 0.18020833333333333 0.7226851851851852 0.36041666666666666 0.10277777777777777
2 0.421875 0.5893518518518519 0.017708333333333333 0.026851851851851852
4 0.44557291666666665 0.5259259259259259 0.05364583333333333 0.24074074074074073
4 0.884375 0.32731481481481484 0.178125 0.6435185185185185
