0 0.6528645833333333 0.7675925925925926 0.2630208333333333 0.2037037037037037
0 0.9013020833333333 0.8240740740740741 0.0890625 0.08703703703703704
0 0.09479166666666666 0.6657407407407407 0.07291666666666667 0.08888888888888889
0 0.14635416666666667 0.6699074074074074 0.05520833333333333 0.05648148148148148
0 0.20130208333333333 0.6671296296296296 0.059895833333333336 0.05092592592592592
0 0.40989583333333335 0.6662037037037037 0.16145833333333334 0.07314814814814814
1 0.16041666666666668 0.7217592592592592 0.32083333333333336 0.06944444444444445
1 0.8244791666666667 0.674537037037037 0.34375 0.0712962962962963
1 0.4088541666666667 0.7601851851851852 0.16979166666666667 0.19814814814814816
1 0.8541666666666666 0.7296296296296296 0.171875 0.06296296296296296
1 0.6580729166666667 0.6782407407407407 0.0640625 0.05648148148148148
2 0.4119791666666667 0.5828703703703704 0.016666666666666666 0.03425925925925926
4 0.4401041666666667 0.5328703703703703 0.05520833333333333 0.2953703703703704
4 0.4401041666666667 0.5328703703703703 0.05520833333333333 0.2953703703703704
