0 0.6567708333333333 0.7611111111111111 0.2552083333333333 0.21666666666666667
0 0.6942708333333333 0.7324074074074074 0.2833333333333333 0.15
0 0.38723958333333336 0.6782407407407407 0.21822916666666667 0.08425925925925926
0 0.140625 0.675 0.04791666666666667 0.05555555555555555
0 0.07083333333333333 0.6754629629629629 0.035416666666666666 0.062037037037037036
0 0.05546875 0.6458333333333334 0.1109375 0.041666666666666664
1 0.13958333333333334 0.7462962962962963 0.2791666666666667 0.1
1 0.8244791666666667 0.674537037037037 0.34375 0.0712962962962963
1 0.8010416666666667 0.7162037037037037 0.396875 0.10648148148148148
1 0.46015625 0.7092592592592593 0.0640625 0.10925925925925926
2 0.40078125 0.5787037037037037 0.024479166666666666 0.03333333333333333
4 0.4315104166666667 0.5069444444444444 0.05677083333333333 0.325
