0 0.7341145833333333 0.7652777777777777 0.42552083333333335 0.19907407407407407
0 0.08151041666666667 0.6722222222222223 0.07552083333333333 0.06111111111111111
0 0.011197916666666667 0.6518518518518519 0.022395833333333334 0.016666666666666666
1 0.09557291666666666 0.7398148148148148 0.1921875 0.06851851851851852
1 0.44166666666666665 0.7296296296296296 0.15104166666666666 0.1388888888888889
1 0.8049479166666667 0.674537037037037 0.3828125 0.0712962962962963
1 0.7557291666666667 0.7574074074074074 0.396875 0.2
1 0.3497395833333333 0.6921296296296297 0.27760416666666665 0.10648148148148148
2 0.38255208333333335 0.575 0.028645833333333332 0.03518518518518519
4 0.4166666666666667 0.5023148148148148 0.06875 0.39166666666666666
4 0.7919270833333333 0.32037037037037036 0.17864583333333334 0.6425925925925926
4 0.6028645833333334 0.512962962962963 0.0421875 0.07037037037037037
