0 0.6158854166666666 0.7625 0.1765625 0.2101851851851852
0 0.24869791666666666 0.7583333333333333 0.45677083333333335 0.22777777777777777
1 0.8348958333333333 0.6703703703703704 0.3302083333333333 0.08333333333333333
1 0.50390625 0.674537037037037 0.11510416666666666 0.03796296296296296
1 0.6934895833333333 0.7462962962962963 0.1015625 0.07962962962962963
1 0.8875 0.7407407407407407 0.18541666666666667 0.07222222222222222
1 0.66875 0.6898148148148148 0.06979166666666667 0.040740740740740744
1 0.6122395833333333 0.6643518518518519 0.08802083333333334 0.04722222222222222
4 0.6583333333333333 0.4212962962962963 0.059375 0.08148148148148149
4 0.46927083333333336 0.5083333333333333 0.059375 0.08148148148148149
