0 0.6348958333333333 0.7643518518518518 0.20833333333333334 0.21203703703703702
1 0.8348958333333333 0.6662037037037037 0.3302083333333333 0.0824074074074074
1 0.2234375 0.7356481481481482 0.44583333333333336 0.15462962962962962
1 0.3958333333333333 0.7722222222222223 0.159375 0.19074074074074074
1 0.8028645833333333 0.7958333333333333 0.19114583333333332 0.1175925925925926
1 0.9434895833333333 0.7444444444444445 0.11197916666666667 0.07037037037037037
1 0.69296875 0.6898148148148148 0.0765625 0.05185185185185185
1 0.465625 0.6657407407407407 0.0625 0.037037037037037035
1 0.5177083333333333 0.6902777777777778 0.096875 0.04351851851851852
1 0.6026041666666667 0.6675925925925926 0.06145833333333333 0.02962962962962963
4 0.68515625 0.40185185185185185 0.058854166666666666 0.08148148148148149
4 0.46770833333333334 0.49953703703703706 0.059375 0.08055555555555556
