0 0.66171875 0.7601851851851852 0.22552083333333334 0.19814814814814816
0 0.3927083333333333 0.7763888888888889 0.15 0.1824074074074074
1 0.74296875 0.7074074074074074 0.10572916666666667 0.06666666666666667
1 0.8291666666666667 0.6726851851851852 0.3416666666666667 0.05648148148148148
1 0.24244791666666668 0.7347222222222223 0.48489583333333336 0.18611111111111112
1 0.484375 0.6990740740740741 0.18541666666666667 0.053703703703703705
1 0.46458333333333335 0.6671296296296296 0.059375 0.025
1 0.8817708333333333 0.8273148148148148 0.11875 0.09537037037037037
1 0.625 0.6768518518518518 0.09375 0.03888888888888889
1 0.5828125 0.7273148148148149 0.10416666666666667 0.13425925925925927
4 0.7127604166666667 0.48657407407407405 0.10052083333333334 0.33796296296296297
4 0.4669270833333333 0.48935185185185187 0.059895833333333336 0.049074074074074076
