0 0.21822916666666667 0.7379629629629629 0.43645833333333334 0.16666666666666666
0 0.68359375 0.7694444444444445 0.2546875 0.2074074074074074
1 0.8466145833333333 0.6712962962962963 0.3067708333333333 0.05925925925925926
1 0.8096354166666667 0.7236111111111111 0.14114583333333333 0.07685185185185185
1 0.6411458333333333 0.6791666666666667 0.11041666666666666 0.04351851851851852
1 0.3848958333333333 0.7865740740740741 0.14895833333333333 0.16574074074074074
1 0.47734375 0.7162037037037037 0.23072916666666668 0.05277777777777778
1 0.5036458333333333 0.6800925925925926 0.14375 0.04351851851851852
4 0.7440104166666667 0.4425925925925926 0.09947916666666666 0.37592592592592594
4 0.4596354166666667 0.48009259259259257 0.05364583333333333 0.05462962962962963
