1 0.8588541666666667 0.6777777777777778 0.28229166666666666 0.046296296296296294
1 0.24192708333333332 0.7351851851851852 0.48385416666666664 0.17222222222222222
1 0.6901041666666666 0.7680555555555556 0.25729166666666664 0.18796296296296297
1 0.47994791666666664 0.7300925925925926 0.3015625 0.05277777777777778
1 0.37916666666666665 0.7972222222222223 0.128125 0.14629629629629629
1 0.49192708333333335 0.6925925925925925 0.1640625 0.05185185185185185
1 0.90859375 0.7328703703703704 0.1796875 0.08055555555555556
1 0.6580729166666667 0.6902777777777778 0.13489583333333333 0.049074074074074076
4 0.7895833333333333 0.45185185185185184 0.13854166666666667 0.48703703703703705
4 0.465625 0.4675925925925926 0.059375 0.037037037037037035
