0 0.61953125 0.7583333333333333 0.19427083333333334 0.2074074074074074
1 0.8216145833333334 0.6736111111111112 0.35572916666666665 0.06388888888888888
1 0.8848958333333333 0.7347222222222223 0.19895833333333332 0.07685185185185185
1 0.6611979166666667 0.6796296296296296 0.0515625 0.037037037037037035
1 0.6049479166666667 0.6675925925925926 0.027604166666666666 0.03518518518518519
1 0.4471354166666667 0.7138888888888889 0.09322916666666667 0.13333333333333333
1 0.34140625 0.7032407407407407 0.2713541666666667 0.12314814814814815
2 0.33671875 0.5518518518518518 0.028645833333333332 0.06481481481481481
4 0.62421875 0.5393518518518519 0.0484375 0.18981481481481483
4 0.37473958333333335 0.4064814814814815 0.1078125 0.4962962962962963
4 0.46953125 0.575462962962963 0.0484375 0.18981481481481483
