0 0.6528645833333333 0.7569444444444444 0.2609375 0.20462962962962963
1 0.8776041666666666 0.6736111111111112 0.24375 0.06388888888888888
1 0.35833333333333334 0.7 0.18229166666666666 0.08333333333333333
1 0.39895833333333336 0.7601851851851852 0.18958333333333333 0.21481481481481482
1 0.7377604166666667 0.6995370370370371 0.09114583333333333 0.049074074074074076
1 0.63125 0.6796296296296296 0.029166666666666667 0.03888888888888889
2 0.24192708333333332 0.48935185185185187 0.04114583333333333 0.08055555555555556
4 0.3229166666666667 0.35324074074074074 0.15729166666666666 0.649074074074074
4 0.46953125 0.575462962962963 0.0484375 0.18981481481481483
4 0.6458333333333334 0.5365740740740741 0.05520833333333333 0.2638888888888889
