0 0.6708333333333333 0.7587962962962963 0.24583333333333332 0.20092592592592592
1 0.9377604166666667 0.6805555555555556 0.12552083333333333 0.044444444444444446
1 0.5645833333333333 0.712037037037037 0.08854166666666667 0.13518518518518519
1 0.46432291666666664 0.6990740740740741 0.06927083333333334 0.1037037037037037
1 0.37005208333333334 0.6990740740740741 0.15677083333333333 0.07592592592592592
1 0.8104166666666667 0.7148148148148148 0.14791666666666667 0.07592592592592592
1 0.6497395833333334 0.6805555555555556 0.0328125 0.03518518518518519
2 0.13645833333333332 0.4300925925925926 0.0625 0.09537037037037037
4 0.46953125 0.575462962962963 0.0484375 0.18981481481481483
4 0.66171875 0.5185185185185185 0.05572916666666667 0.26296296296296295
