0 0.0734375 0.763425925925926 0.146875 0.11203703703703703
0 0.6908854166666667 0.7689814814814815 0.24739583333333334 0.17685185185185184
1 0.8544270833333333 0.6597222222222222 0.2911458333333333 0.062037037037037036
1 0.37734375 0.6962962962962963 0.10572916666666667 0.05925925925925926
1 0.6106770833333334 0.7615740740740741 0.17135416666666667 0.2175925925925926
1 0.9661458333333334 0.7407407407407407 0.06666666666666667 0.05555555555555555
1 0.7122395833333334 0.6921296296296297 0.06927083333333334 0.04537037037037037
1 0.39921875 0.7662037037037037 0.1921875 0.2175925925925926
4 0.4591145833333333 0.5361111111111111 0.0484375 0.19074074074074074
4 0.7005208333333334 0.4791666666666667 0.08854166666666667 0.3472222222222222
