0 0.6963541666666667 0.7861111111111111 0.21770833333333334 0.17962962962962964
0 0.10182291666666667 0.7814814814814814 0.20260416666666667 0.05740740740740741
1 0.6247395833333333 0.7638888888888888 0.1953125 0.21296296296296297
1 0.8932291666666666 0.6819444444444445 0.21458333333333332 0.041666666666666664
1 0.37994791666666666 0.6967592592592593 0.05677083333333333 0.05462962962962963
1 0.465625 0.7 0.071875 0.1
1 0.6635416666666667 0.6810185185185185 0.053125 0.030555555555555555
1 0.84453125 0.7185185185185186 0.1546875 0.05185185185185185
1 0.5736979166666667 0.6689814814814815 0.0609375 0.049074074074074076
4 0.44973958333333336 0.5541666666666667 0.0640625 0.27685185185185185
4 0.7841145833333333 0.43425925925925923 0.12135416666666667 0.49074074074074076
