0 0.7145833333333333 0.7703703703703704 0.21770833333333334 0.17962962962962964
0 0.11302083333333333 0.7833333333333333 0.21666666666666667 0.07592592592592592
1 0.9119791666666667 0.6875 0.17708333333333334 0.030555555555555555
1 0.44505208333333335 0.7291666666666666 0.10989583333333333 0.15833333333333333
1 0.5692708333333333 0.7083333333333334 0.09583333333333334 0.12962962962962962
1 0.5841145833333333 0.6754629629629629 0.08697916666666666 0.062037037037037036
1 0.6854166666666667 0.687037037037037 0.058333333333333334 0.040740740740740744
1 0.9247395833333333 0.7324074074074074 0.14635416666666667 0.05185185185185185
1 0.38125 0.6976851851851852 0.029166666666666667 0.05092592592592592
4 0.4473958333333333 0.5222222222222223 0.058333333333333334 0.28703703703703703
4 0.8393229166666667 0.37083333333333335 0.1546875 0.5916666666666667
