0 0.73828125 0.7907407407407407 0.18802083333333333 0.13333333333333333
0 0.12291666666666666 0.7773148148148148 0.24375 0.08796296296296297
1 0.8848958333333333 0.6842592592592592 0.23125 0.037037037037037035
1 0.4075520833333333 0.7587962962962963 0.18489583333333334 0.21203703703703702
1 0.6075520833333333 0.7574074074074074 0.16822916666666668 0.2111111111111111
1 0.6018229166666667 0.6972222222222222 0.11927083333333334 0.08518518518518518
1 0.7221354166666667 0.7046296296296296 0.0765625 0.053703703703703705
1 0.6260416666666667 0.675 0.03333333333333333 0.02962962962962963
4 0.43776041666666665 0.5166666666666667 0.0578125 0.28703703703703703
4 0.87265625 0.33240740740740743 0.19114583333333332 0.6555555555555556
