0 0.5703125 0.7106481481481481 0.10625 0.15092592592592594
0 0.23203125 0.687037037037037 0.13177083333333334 0.040740740740740744
0 0.63515625 0.7032407407407407 0.21302083333333333 0.12685185185185185
1 0.24505208333333334 0.7217592592592592 0.48802083333333335 0.1675925925925926
1 0.4075520833333333 0.7606481481481482 0.18072916666666666 0.22685185185185186
1 0.7791666666666667 0.6699074074074074 0.43645833333333334 0.062037037037037036
1 0.6611979166666667 0.6777777777777778 0.2390625 0.07962962962962963
1 0.7059895833333333 0.8388888888888889 0.0671875 0.08888888888888889
2 0.41458333333333336 0.5634259259259259 0.06145833333333333 0.23425925925925925
2 0.48151041666666666 0.600462962962963 0.027604166666666666 0.07685185185185185
