0 0.61015625 0.7560185185185185 0.18072916666666666 0.21944444444444444
1 0.24401041666666667 0.7245370370370371 0.48489583333333336 0.16203703703703703
1 0.41302083333333334 0.7587962962962963 0.16979166666666667 0.22314814814814815
1 0.82109375 0.6861111111111111 0.3567708333333333 0.05185185185185185
1 0.7830729166666667 0.7023148148148148 0.43072916666666666 0.09537037037037037
1 0.5924479166666666 0.6814814814814815 0.07552083333333333 0.05185185185185185
1 0.32708333333333334 0.6560185185185186 0.16875 0.049074074074074076
1 0.16770833333333332 0.6708333333333333 0.23645833333333333 0.062037037037037036
2 0.18229166666666666 0.5509259259259259 0.03229166666666667 0.35185185185185186
2 0.8513020833333333 0.5851851851851851 0.04114583333333333 0.1685185185185185
