0 0.61015625 0.7560185185185185 0.18072916666666666 0.21944444444444444
0 0.6239583333333333 0.7064814814814815 0.128125 0.07592592592592592
1 0.24401041666666667 0.7245370370370371 0.48489583333333336 0.16203703703703703
1 0.4635416666666667 0.7027777777777777 0.06875 0.1111111111111111
1 0.7997395833333333 0.6833333333333333 0.3140625 0.046296296296296294
1 0.7216145833333333 0.6986111111111111 0.3078125 0.08796296296296297
1 0.30859375 0.6694444444444444 0.20885416666666667 0.046296296296296294
1 0.11822916666666666 0.6805555555555556 0.234375 0.06666666666666667
2 0.91875 0.5819444444444445 0.041666666666666664 0.22314814814814815
2 0.034895833333333334 0.49583333333333335 0.06041666666666667 0.49166666666666664
