0 0.73984375 0.7666666666666667 0.3265625 0.17592592592592593
0 0.39375 0.7694444444444445 0.20104166666666667 0.2074074074074074
0 0.5692708333333333 0.7203703703703703 0.053125 0.07962962962962963
1 0.23463541666666668 0.7175925925925926 0.46927083333333336 0.18888888888888888
1 0.4947916666666667 0.6787037037037037 0.20520833333333333 0.05185185185185185
1 0.9135416666666667 0.7171296296296297 0.17291666666666666 0.0712962962962963
1 0.6856770833333333 0.6851851851851852 0.0640625 0.03148148148148148
2 0.7106770833333333 0.5907407407407408 0.05677083333333333 0.14444444444444443
4 0.42630208333333336 0.5009259259259259 0.06927083333333334 0.3148148148148148
4 0.6325520833333333 0.5763888888888888 0.0609375 0.24537037037037038
