0 0.7494791666666667 0.7731481481481481 0.31875 0.17407407407407408
0 0.38958333333333334 0.7777777777777778 0.16666666666666666 0.2
0 0.603125 0.7625 0.10625 0.14907407407407408
1 0.23411458333333332 0.737037037037037 0.46927083333333336 0.18888888888888888
1 0.5002604166666667 0.687037037037037 0.20260416666666667 0.046296296296296294
1 0.73203125 0.6893518518518519 0.1140625 0.062037037037037036
1 0.9674479166666666 0.7199074074074074 0.058854166666666666 0.03425925925925926
2 0.7278645833333334 0.5851851851851851 0.05677083333333333 0.14444444444444443
4 0.4125 0.5009259259259259 0.084375 0.40370370370370373
4 0.6434895833333333 0.5412037037037037 0.0609375 0.24537037037037038
