0 0.7802083333333333 0.7865740740740741 0.2833333333333333 0.14722222222222223
0 0.38229166666666664 0.8018518518518518 0.13854166666666667 0.17407407407407408
0 0.5026041666666666 0.6925925925925925 0.3385416666666667 0.09814814814814815
0 0.6 0.7527777777777778 0.052083333333333336 0.07222222222222222
1 0.20651041666666667 0.7217592592592592 0.4015625 0.1935185185185185
1 0.8390625 0.7027777777777777 0.19375 0.08888888888888889
1 0.7768229166666667 0.6638888888888889 0.1203125 0.05
2 0.7768229166666667 0.5675925925925925 0.06302083333333333 0.1685185185185185
4 0.37213541666666666 0.4300925925925926 0.14635416666666667 0.5787037037037037
4 0.68359375 0.5300925925925926 0.0859375 0.3416666666666667
