0 0.8067708333333333 0.7967592592592593 0.23541666666666666 0.11574074074074074
0 0.38229166666666664 0.8018518518518518 0.13854166666666667 0.17407407407407408
0 0.47734375 0.7537037037037037 0.4984375 0.05925925925925926
0 0.65078125 0.8162037037037037 0.08697916666666666 0.11018518518518519
1 0.2 0.7314814814814815 0.4010416666666667 0.19444444444444445
1 0.903125 0.7175925925925926 0.19375 0.08888888888888889
1 0.8208333333333333 0.6736111111111112 0.13020833333333334 0.041666666666666664
1 0.54140625 0.649074074074074 0.15885416666666666 0.05555555555555555
2 0.8091145833333333 0.5537037037037037 0.06302083333333333 0.1685185185185185
4 0.34401041666666665 0.3958333333333333 0.14114583333333333 0.6824074074074075
4 0.7046875 0.5074074074074074 0.07708333333333334 0.35
