0 0.6174479166666667 0.7527777777777778 0.19114583333333332 0.22962962962962963
0 0.7817708333333333 0.6777777777777778 0.28020833333333334 0.040740740740740744
0 0.7356770833333334 0.6953703703703704 0.18489583333333334 0.04814814814814815
1 0.23984375 0.725462962962963 0.4796875 0.17314814814814813
1 0.40546875 0.7143518518518519 0.08385416666666666 0.06574074074074074
1 0.45677083333333335 0.7041666666666667 0.08958333333333333 0.13425925925925927
2 0.4244791666666667 0.6240740740740741 0.022916666666666665 0.1
4 0.6950520833333333 0.5657407407407408 0.022395833333333334 0.07592592592592592
4 0.4901041666666667 0.6129629629629629 0.03125 0.07037037037037037
4 0.5625 0.6018518518518519 0.03125 0.08518518518518518
