0 0.6177083333333333 0.7560185185185185 0.19791666666666666 0.22870370370370371
0 0.7578125 0.6782407407407407 0.11979166666666667 0.032407407407407406
0 0.7328125 0.6953703703703704 0.18020833333333333 0.05740740740740741
1 0.23984375 0.725462962962963 0.4744791666666667 0.175
1 0.37135416666666665 0.7347222222222223 0.12708333333333333 0.08796296296296297
1 0.41848958333333336 0.7569444444444444 0.16302083333333334 0.23796296296296296
2 0.41328125 0.6162037037037037 0.0203125 0.1175925925925926
4 0.4973958333333333 0.6189814814814815 0.030208333333333334 0.0824074074074074
4 0.5604166666666667 0.6 0.027083333333333334 0.09444444444444444
4 0.7127604166666667 0.5657407407407408 0.034895833333333334 0.05185185185185185
