0 0.62265625 0.7541666666666667 0.20677083333333332 0.22870370370370371
0 0.8369791666666667 0.6787037037037037 0.321875 0.03518518518518519
0 0.8411458333333334 0.7106481481481481 0.31666666666666665 0.06018518518518518
1 0.2390625 0.725 0.478125 0.17037037037037037
1 0.31875 0.7569444444444444 0.20833333333333334 0.13796296296296295
1 0.41875 0.7555555555555555 0.1625 0.2388888888888889
2 0.40078125 0.6125 0.0296875 0.125
2 0.43515625 0.6194444444444445 0.028645833333333332 0.09444444444444444
4 0.4903645833333333 0.6152777777777778 0.033854166666666664 0.09537037037037037
4 0.5645833333333333 0.5990740740740741 0.028125 0.10555555555555556
