0 0.62265625 0.7569444444444444 0.2015625 0.2324074074074074
0 0.8072916666666666 0.6791666666666667 0.384375 0.04722222222222222
0 0.715625 0.6944444444444444 0.04375 0.024074074074074074
1 0.24114583333333334 0.7263888888888889 0.48020833333333335 0.16574074074074074
1 0.23098958333333333 0.7986111111111112 0.3182291666666667 0.1361111111111111
1 0.475 0.687037037037037 0.065625 0.10555555555555556
2 0.3888020833333333 0.6125 0.025520833333333333 0.1527777777777778
2 0.4283854166666667 0.6277777777777778 0.025520833333333333 0.11481481481481481
4 0.4940104166666667 0.6064814814814815 0.024479166666666666 0.07592592592592592
4 0.565625 0.6018518518518519 0.026041666666666668 0.10185185185185185
