0 0.62421875 0.7537037037037037 0.20989583333333334 0.2351851851851852
0 0.8145833333333333 0.6736111111111112 0.36666666666666664 0.04351851851851852
0 0.7557291666666667 0.6986111111111111 0.20729166666666668 0.05462962962962963
1 0.24088541666666666 0.7273148148148149 0.4786458333333333 0.1712962962962963
1 0.26979166666666665 0.7824074074074074 0.209375 0.09074074074074075
1 0.45598958333333334 0.7125 0.09322916666666667 0.14907407407407408
2 0.3645833333333333 0.6157407407407407 0.027083333333333334 0.16111111111111112
2 0.42213541666666665 0.6171296296296296 0.03177083333333333 0.13425925925925927
4 0.4934895833333333 0.6152777777777778 0.022395833333333334 0.075
4 0.5671875 0.5986111111111111 0.034375 0.09722222222222222
