0 0.625 0.7541666666666667 0.20833333333333334 0.2361111111111111
0 0.7940104166666667 0.6796296296296296 0.2765625 0.040740740740740744
0 0.8166666666666667 0.7074074074074074 0.334375 0.06851851851851852
1 0.23984375 0.7273148148148149 0.4765625 0.1712962962962963
1 0.22473958333333333 0.8106481481481481 0.17864583333333334 0.06759259259259259
1 0.4236979166666667 0.7527777777777778 0.14635416666666667 0.23703703703703705
2 0.3333333333333333 0.6111111111111112 0.04895833333333333 0.2111111111111111
2 0.40677083333333336 0.6300925925925925 0.028125 0.14907407407407408
4 0.49557291666666664 0.6152777777777778 0.03177083333333333 0.10277777777777777
4 0.5671875 0.6125 0.027083333333333334 0.12314814814814815
