0 0.6265625 0.7587962962962963 0.20520833333333333 0.23796296296296296
0 0.8528645833333334 0.6810185185185185 0.29322916666666665 0.028703703703703703
0 0.85078125 0.7138888888888889 0.2953125 0.05555555555555555
1 0.24140625 0.7305555555555555 0.4796875 0.17407407407407408
1 0.42552083333333335 0.7574074074074074 0.14375 0.2222222222222222
2 0.27890625 0.5967592592592592 0.030729166666666665 0.24722222222222223
2 0.3919270833333333 0.6180555555555556 0.04635416666666667 0.14907407407407408
4 0.4895833333333333 0.612037037037037 0.019791666666666666 0.07592592592592592
4 0.56640625 0.6074074074074074 0.027604166666666666 0.0962962962962963
4 0.7817708333333333 0.5296296296296297 0.03125 0.05740740740740741
