0 0.8111979166666666 0.6712962962962963 0.3765625 0.03888888888888889
0 0.6294270833333333 0.7546296296296297 0.2140625 0.23333333333333334
0 0.7067708333333333 0.687037037037037 0.15729166666666666 0.046296296296296294
1 0.4705729166666667 0.6958333333333333 0.0578125 0.10833333333333334
1 0.24375 0.725925925925926 0.47708333333333336 0.17407407407407408
2 0.19192708333333333 0.5689814814814815 0.034895833333333334 0.32314814814814813
2 0.3723958333333333 0.6083333333333333 0.042708333333333334 0.20555555555555555
4 0.80078125 0.5180555555555556 0.030729166666666665 0.05648148148148148
4 0.4903645833333333 0.5986111111111111 0.0234375 0.0712962962962963
4 0.5705729166666667 0.600462962962963 0.027604166666666666 0.08796296296296297
