0 0.8484375 0.7148148148148148 0.065625 0.022222222222222223
0 0.8114583333333333 0.6754629629629629 0.3770833333333333 0.03796296296296296
0 0.6322916666666667 0.7560185185185185 0.215625 0.22870370370370371
0 0.5276041666666667 0.6606481481481481 0.030208333333333334 0.041666666666666664
1 0.45260416666666664 0.7240740740740741 0.103125 0.17592592592592593
1 0.2421875 0.736574074074074 0.4708333333333333 0.1712962962962963
2 0.0484375 0.49583333333333335 0.036458333333333336 0.35833333333333334
2 0.346875 0.6060185185185185 0.053125 0.2212962962962963
4 0.4903645833333333 0.6023148148148149 0.0234375 0.07685185185185185
4 0.5700520833333333 0.5990740740740741 0.0328125 0.10185185185185185
4 0.8213541666666667 0.5101851851851852 0.03333333333333333 0.09444444444444444
