0 0.7864583333333334 0.6662037037037037 0.42604166666666665 0.04722222222222222
0 0.76328125 0.6893518518518519 0.3567708333333333 0.0824074074074074
0 0.6640625 0.7541666666666667 0.2635416666666667 0.22870370370370371
0 0.5348958333333333 0.6550925925925926 0.010416666666666666 0.013888888888888888
0 0.50859375 0.6555555555555556 0.008854166666666666 0.022222222222222223
0 0.47760416666666666 0.6574074074074074 0.011458333333333333 0.016666666666666666
0 0.50703125 0.6467592592592593 0.06614583333333333 0.025
0 0.62265625 0.7592592592592593 0.2140625 0.23333333333333334
1 0.23984375 0.7342592592592593 0.4734375 0.17592592592592593
1 0.4278645833333333 0.7509259259259259 0.1453125 0.21296296296296297
4 0.48333333333333334 0.5898148148148148 0.03125 0.10740740740740741
4 0.6044270833333333 0.5842592592592593 0.0453125 0.14074074074074075
