0 0.7856770833333333 0.6689814814814815 0.4276041666666667 0.05462962962962963
0 0.79453125 0.6944444444444444 0.40989583333333335 0.07777777777777778
0 0.6700520833333333 0.7564814814814815 0.2630208333333333 0.21851851851851853
0 0.5377604166666666 0.6611111111111111 0.011979166666666667 0.014814814814814815
0 0.51015625 0.6615740740740741 0.009895833333333333 0.017592592592592594
0 0.47578125 0.6606481481481481 0.008854166666666666 0.023148148148148147
0 0.51171875 0.6509259259259259 0.0734375 0.016666666666666666
0 0.5721354166666667 0.7148148148148148 0.1140625 0.14074074074074075
1 0.24427083333333333 0.7291666666666666 0.48333333333333334 0.1712962962962963
1 0.41901041666666666 0.7606481481481482 0.16302083333333334 0.2212962962962963
4 0.48333333333333334 0.5898148148148148 0.03125 0.10740740740740741
4 0.6044270833333333 0.5842592592592593 0.0453125 0.14074074074074075
