0 0.5104166666666666 0.6518518518518519 0.06875 0.012962962962962963
0 0.53984375 0.6587962962962963 0.0109375 0.010185185185185186
0 0.5096354166666667 0.6601851851851852 0.013020833333333334 0.022222222222222223
0 0.48046875 0.6560185185185186 0.0109375 0.01574074074074074
0 0.78984375 0.6675925925925926 0.4192708333333333 0.05185185185185185
0 0.690625 0.6824074074074075 0.19583333333333333 0.05925925925925926
0 0.6799479166666667 0.7518518518518519 0.2911458333333333 0.22407407407407406
0 0.61484375 0.7606481481481482 0.19635416666666666 0.22870370370370371
1 0.46640625 0.6907407407407408 0.06822916666666666 0.08888888888888889
1 0.24609375 0.7291666666666666 0.48489583333333336 0.1787037037037037
4 0.48333333333333334 0.5898148148148148 0.03125 0.10740740740740741
4 0.6138020833333333 0.5851851851851851 0.0453125 0.14074074074074075
