0 0.7932291666666667 0.6680555555555555 0.4125 0.049074074074074076
0 0.5072916666666667 0.6504629629629629 0.07395833333333333 0.012037037037037037
0 0.54296875 0.6625 0.0109375 0.017592592592592594
0 0.50703125 0.6657407407407407 0.0078125 0.024074074074074074
0 0.47239583333333335 0.6615740740740741 0.014583333333333334 0.010185185185185186
0 0.7356770833333334 0.6898148148148148 0.2640625 0.07222222222222222
0 0.6953125 0.7583333333333333 0.3104166666666667 0.21851851851851853
0 0.6119791666666666 0.7611111111111111 0.18645833333333334 0.22407407407407406
1 0.44817708333333334 0.7148148148148148 0.09947916666666666 0.13148148148148148
1 0.23697916666666666 0.7337962962962963 0.46875 0.15648148148148147
4 0.61015625 0.5782407407407407 0.03802083333333333 0.12685185185185185
4 0.48333333333333334 0.5898148148148148 0.03125 0.10740740740740741
