0 0.5875 0.736574074074074 0.12708333333333333 0.1712962962962963
0 0.7033854166666667 0.7583333333333333 0.3203125 0.20925925925925926
0 0.7919270833333333 0.6657407407407407 0.41510416666666666 0.053703703703703705
0 0.7966145833333333 0.6902777777777778 0.35885416666666664 0.06759259259259259
0 0.5114583333333333 0.6527777777777778 0.07916666666666666 0.016666666666666666
0 0.5453125 0.6638888888888889 0.009375 0.014814814814814815
0 0.5067708333333333 0.6657407407407407 0.009375 0.020370370370370372
0 0.471875 0.6662037037037037 0.010416666666666666 0.025
1 0.5075520833333333 0.6601851851851852 0.11822916666666666 0.03333333333333333
1 0.40572916666666664 0.7643518518518518 0.18020833333333333 0.2212962962962963
1 0.23541666666666666 0.7324074074074074 0.4635416666666667 0.1685185185185185
4 0.6190104166666667 0.5726851851851852 0.03802083333333333 0.14722222222222223
4 0.478125 0.5898148148148148 0.035416666666666666 0.14074074074074075
