0 0.80625 0.6666666666666666 0.38645833333333335 0.03888888888888889
0 0.8125 0.6921296296296297 0.37395833333333334 0.06574074074074074
0 0.7177083333333333 0.7583333333333333 0.3416666666666667 0.2037037037037037
0 0.5057291666666667 0.6523148148148148 0.084375 0.017592592592592594
0 0.5481770833333334 0.6648148148148149 0.013020833333333334 0.022222222222222223
0 0.50546875 0.6675925925925926 0.009895833333333333 0.016666666666666666
0 0.4630208333333333 0.6648148148148149 0.013541666666666667 0.022222222222222223
0 0.60234375 0.7592592592592593 0.1609375 0.21296296296296297
1 0.40390625 0.7662037037037037 0.1765625 0.21944444444444444
1 0.234375 0.7342592592592593 0.46875 0.1648148148148148
4 0.6255208333333333 0.5634259259259259 0.0375 0.14907407407407408
4 0.47734375 0.5828703703703704 0.0296875 0.13796296296296295
