0 0.81015625 0.6689814814814815 0.37864583333333335 0.03425925925925926
0 0.728125 0.6847222222222222 0.17708333333333334 0.05277777777777778
0 0.728125 0.7550925925925925 0.359375 0.2064814814814815
0 0.5526041666666667 0.6680555555555555 0.016666666666666666 0.010185185185185186
0 0.50703125 0.6689814814814815 0.016145833333333335 0.013888888888888888
0 0.46041666666666664 0.6680555555555555 0.011458333333333333 0.017592592592592594
0 0.5080729166666667 0.6532407407407408 0.09427083333333333 0.019444444444444445
0 0.5669270833333333 0.7189814814814814 0.09010416666666667 0.13055555555555556
1 0.23098958333333333 0.7300925925925926 0.46197916666666666 0.15462962962962962
1 0.5078125 0.6587962962962963 0.153125 0.05092592592592592
1 0.43515625 0.7416666666666667 0.1171875 0.16111111111111112
4 0.6354166666666666 0.5541666666666667 0.03958333333333333 0.17685185185185184
4 0.47942708333333334 0.5796296296296296 0.034895833333333334 0.14074074074074075
