0 0.8231770833333333 0.6675925925925926 0.3515625 0.03148148148148148
0 0.7796875 0.6893518518518519 0.24791666666666667 0.05277777777777778
0 0.51171875 0.6546296296296297 0.10052083333333334 0.022222222222222223
0 0.55703125 0.6731481481481482 0.0234375 0.020370370370370372
0 0.50625 0.674074074074074 0.0125 0.016666666666666666
0 0.45286458333333335 0.6754629629629629 0.015104166666666667 0.013888888888888888
0 0.4744791666666667 0.663425925925926 0.011458333333333333 0.013888888888888888
0 0.74453125 0.7513888888888889 0.38177083333333334 0.21388888888888888
1 0.23072916666666668 0.7296296296296296 0.46145833333333336 0.16111111111111112
1 0.59609375 0.7625 0.14739583333333334 0.2101851851851852
1 0.4317708333333333 0.7342592592592593 0.128125 0.15925925925925927
4 0.6419270833333334 0.5550925925925926 0.043229166666666666 0.19166666666666668
4 0.4765625 0.5685185185185185 0.036458333333333336 0.1388888888888889
