0 0.8182291666666667 0.6611111111111111 0.3625 0.03333333333333333
0 0.8377604166666667 0.6856481481481481 0.3234375 0.05277777777777778
0 0.5153645833333333 0.6504629629629629 0.10364583333333334 0.013888888888888888
0 0.5489583333333333 0.6541666666666667 0.010416666666666666 0.019444444444444445
0 0.5106770833333333 0.6587962962962963 0.009895833333333333 0.01574074074074074
0 0.4700520833333333 0.6546296296296297 0.0140625 0.014814814814814815
0 0.4471354166666667 0.6754629629629629 0.011979166666666667 0.032407407407407406
0 0.5057291666666667 0.6759259259259259 0.008333333333333333 0.020370370370370372
0 0.565625 0.6703703703703704 0.011458333333333333 0.014814814814814815
0 0.7606770833333333 0.7509259259259259 0.39739583333333334 0.1962962962962963
1 0.3953125 0.7643518518518518 0.20104166666666667 0.2212962962962963
1 0.5986979166666667 0.7643518518518518 0.15052083333333333 0.2212962962962963
1 0.2296875 0.7328703703703704 0.459375 0.15833333333333333
4 0.653125 0.5287037037037037 0.04479166666666667 0.17592592592592593
4 0.47161458333333334 0.5685185185185185 0.0328125 0.16296296296296298
