0 0.8244791666666667 0.6606481481481481 0.35 0.025
0 0.7408854166666666 0.6787037037037037 0.0703125 0.03518518518518519
0 0.5114583333333333 0.6504629629629629 0.11145833333333334 0.01574074074074074
0 0.5528645833333333 0.6574074074074074 0.011979166666666667 0.018518518518518517
0 0.5122395833333333 0.6587962962962963 0.015104166666666667 0.023148148148148147
0 0.4666666666666667 0.6625 0.014583333333333334 0.021296296296296296
0 0.43802083333333336 0.6791666666666667 0.019791666666666666 0.032407407407407406
0 0.5041666666666667 0.6791666666666667 0.013541666666666667 0.025
0 0.5734375 0.6791666666666667 0.016666666666666666 0.030555555555555555
0 0.7388020833333333 0.7347222222222223 0.34322916666666664 0.17685185185185184
0 0.9760416666666667 0.7037037037037037 0.046875 0.024074074074074074
0 0.9877604166666667 0.7759259259259259 0.0203125 0.02962962962962963
1 0.5859375 0.7462962962962963 0.121875 0.1814814814814815
1 0.22552083333333334 0.7263888888888889 0.4510416666666667 0.15092592592592594
1 0.39114583333333336 0.7694444444444445 0.20416666666666666 0.22407407407407406
4 0.6692708333333334 0.5296296296296297 0.065625 0.22592592592592592
4 0.4669270833333333 0.5578703703703703 0.044270833333333336 0.18425925925925926
