0 0.50859375 0.6518518518518519 0.1265625 0.011111111111111112
0 0.55703125 0.6597222222222222 0.011979166666666667 0.021296296296296296
0 0.58515625 0.6782407407407407 0.021354166666666667 0.028703703703703703
0 0.5111979166666667 0.6592592592592592 0.0140625 0.016666666666666666
0 0.5046875 0.6851851851851852 0.017708333333333333 0.025925925925925925
0 0.46380208333333334 0.6620370370370371 0.015104166666666667 0.018518518518518517
0 0.41953125 0.6847222222222222 0.0328125 0.026851851851851852
0 0.7721354166666666 0.7402777777777778 0.41822916666666665 0.19166666666666668
0 0.825 0.6555555555555556 0.34791666666666665 0.046296296296296294
0 0.74921875 0.674537037037037 0.20677083333333332 0.05277777777777778
1 0.22265625 0.7277777777777777 0.4453125 0.1537037037037037
1 0.5973958333333333 0.7583333333333333 0.140625 0.21851851851851853
1 0.4557291666666667 0.6907407407407408 0.06666666666666667 0.08148148148148149
4 0.46796875 0.5509259259259259 0.03697916666666667 0.17962962962962964
4 0.6833333333333333 0.5226851851851851 0.05520833333333333 0.2324074074074074
