0 0.5588541666666667 0.6592592592592592 0.24375 0.016666666666666666
0 0.509375 0.6699074074074074 0.0125 0.017592592592592594
0 0.5619791666666667 0.6699074074074074 0.015625 0.023148148148148147
0 0.6052083333333333 0.7032407407407407 0.036458333333333336 0.041666666666666664
0 0.5026041666666666 0.7046296296296296 0.016666666666666666 0.03333333333333333
0 0.39921875 0.7037037037037037 0.04635416666666667 0.04259259259259259
0 0.4546875 0.6736111111111112 0.017708333333333333 0.03611111111111111
0 0.7752604166666667 0.7407407407407407 0.41302083333333334 0.17592592592592593
0 0.8346354166666666 0.6625 0.3296875 0.030555555555555555
0 0.8026041666666667 0.6837962962962963 0.278125 0.04351851851851852
1 0.22838541666666667 0.7296296296296296 0.45677083333333335 0.13518518518518519
1 0.5684895833333333 0.7208333333333333 0.07135416666666666 0.12314814814814815
1 0.4354166666666667 0.7199074074074074 0.10625 0.11018518518518519
4 0.6979166666666666 0.513425925925926 0.06041666666666667 0.2490740740740741
4 0.46770833333333334 0.549074074074074 0.040625 0.18333333333333332
