0 0.8411458333333334 0.6759259259259259 0.31354166666666666 0.027777777777777776
0 0.8432291666666667 0.6967592592592593 0.3125 0.04351851851851852
0 0.5497395833333333 0.6662037037037037 0.2557291666666667 0.017592592592592594
0 0.57109375 0.6856481481481481 0.0203125 0.030555555555555555
0 0.6390625 0.725925925925926 0.06041666666666667 0.05185185185185185
0 0.509375 0.6791666666666667 0.025 0.021296296296296296
0 0.496875 0.7412037037037037 0.03958333333333333 0.07314814814814814
0 0.44765625 0.6828703703703703 0.0265625 0.023148148148148147
0 0.3651041666666667 0.7226851851851852 0.075 0.05092592592592592
0 0.78203125 0.7476851851851852 0.4046875 0.1712962962962963
1 0.22005208333333334 0.7333333333333333 0.4401041666666667 0.12222222222222222
1 0.384375 0.7736111111111111 0.196875 0.19537037037037036
1 0.59765625 0.7731481481481481 0.13385416666666666 0.20555555555555555
4 0.7153645833333333 0.5175925925925926 0.05677083333333333 0.30185185185185187
4 0.46536458333333336 0.5578703703703703 0.043229166666666666 0.2175925925925926
