0 0.5653645833333333 0.6694444444444444 0.28489583333333335 0.016666666666666666
0 0.7908854166666667 0.7472222222222222 0.4078125 0.1685185185185185
0 0.85078125 0.6694444444444444 0.29739583333333336 0.027777777777777776
0 0.8526041666666667 0.7032407407407407 0.29270833333333335 0.05462962962962963
0 0.5763020833333333 0.6824074074074075 0.021354166666666667 0.027777777777777776
0 0.69609375 0.7680555555555556 0.10260416666666666 0.09351851851851851
0 0.50703125 0.6828703703703703 0.019270833333333334 0.028703703703703703
0 0.4354166666666667 0.6861111111111111 0.030208333333333334 0.020370370370370372
0 0.49557291666666664 0.7925925925925926 0.050520833333333334 0.1259259259259259
0 0.2981770833333333 0.7638888888888888 0.13385416666666666 0.07777777777777778
1 0.2125 0.7361111111111112 0.425 0.1259259259259259
1 0.38515625 0.7731481481481481 0.1921875 0.1962962962962963
1 0.6026041666666667 0.7763888888888889 0.128125 0.19907407407407407
4 0.7432291666666667 0.5064814814814815 0.07083333333333333 0.3074074074074074
4 0.4583333333333333 0.5444444444444444 0.042708333333333334 0.2518518518518518
