0 0.6067708333333334 0.7773148148148148 0.12708333333333333 0.18796296296296297
0 0.546875 0.6574074074074074 0.05 0.025925925925925925
0 0.5723958333333333 0.6731481481481482 0.31666666666666665 0.011111111111111112
0 0.5111979166666667 0.6787037037037037 0.1953125 0.022222222222222223
0 0.590625 0.6912037037037037 0.030208333333333334 0.028703703703703703
0 0.509375 0.6976851851851852 0.023958333333333335 0.023148148148148147
0 0.41953125 0.6935185185185185 0.043229166666666666 0.025925925925925925
0 0.175 0.8180555555555555 0.209375 0.09537037037037037
0 0.48541666666666666 0.8282407407407407 0.05416666666666667 0.09537037037037037
0 0.7778645833333333 0.8046296296296296 0.12864583333333332 0.11666666666666667
0 0.7971354166666667 0.7462962962962963 0.3880208333333333 0.14629629629629629
0 0.8161458333333333 0.6935185185185185 0.121875 0.037037037037037035
0 0.8604166666666667 0.6736111111111112 0.278125 0.03425925925925926
1 0.20442708333333334 0.7402777777777778 0.4088541666666667 0.12314814814814815
1 0.38307291666666665 0.7777777777777778 0.1828125 0.18703703703703703
4 0.7669270833333334 0.462037037037037 0.07552083333333333 0.34444444444444444
4 0.4484375 0.5259259259259259 0.05416666666666667 0.2740740740740741
