0 0.19322916666666667 0.7398148148148148 0.38645833333333335 0.11481481481481481
0 0.5489583333333333 0.6569444444444444 0.05520833333333333 0.028703703703703703
0 0.5794270833333334 0.6773148148148148 0.3567708333333333 0.017592592592592594
0 0.5036458333333333 0.6930555555555555 0.24479166666666666 0.028703703703703703
0 0.8796875 0.674074074074074 0.23958333333333334 0.024074074074074074
0 0.8940104166666667 0.6990740740740741 0.1546875 0.024074074074074074
0 0.8015625 0.749537037037037 0.38125 0.14907407407407408
0 0.6125 0.7101851851851851 0.04375 0.040740740740740744
0 0.50625 0.7129629629629629 0.020833333333333332 0.03333333333333333
0 0.3958333333333333 0.712037037037037 0.042708333333333334 0.03888888888888889
1 0.37916666666666665 0.7837962962962963 0.17708333333333334 0.1787037037037037
1 0.6091145833333333 0.7791666666666667 0.12760416666666666 0.17314814814814813
4 0.8036458333333333 0.4462962962962963 0.09270833333333334 0.3962962962962963
4 0.4432291666666667 0.5212962962962963 0.05520833333333333 0.2574074074074074
