0 0.5486979166666667 0.6601851851851852 0.0609375 0.03333333333333333
0 0.8958333333333334 0.6768518518518518 0.20729166666666668 0.018518518518518517
0 0.9505208333333334 0.7097222222222223 0.09583333333333334 0.01574074074074074
0 0.5815104166666667 0.6819444444444445 0.4265625 0.049074074074074076
0 0.815625 0.7592592592592593 0.3489583333333333 0.12962962962962962
0 0.503125 0.7060185185185185 0.29791666666666666 0.021296296296296296
0 0.6471354166666666 0.7398148148148148 0.059895833333333336 0.05185185185185185
0 0.5041666666666667 0.7476851851851852 0.023958333333333335 0.062037037037037036
0 0.3572916666666667 0.7328703703703704 0.075 0.04722222222222222
1 0.37552083333333336 0.7912037037037037 0.15729166666666666 0.1675925925925926
1 0.6119791666666666 0.787962962962963 0.11145833333333334 0.16111111111111112
1 0.19088541666666667 0.7407407407407407 0.38177083333333334 0.11481481481481481
4 0.8518229166666667 0.42268518518518516 0.10052083333333334 0.44722222222222224
4 0.43515625 0.5013888888888889 0.05364583333333333 0.2972222222222222
