0 0.5505208333333333 0.6541666666666667 0.06458333333333334 0.03425925925925926
0 0.5901041666666667 0.6884259259259259 0.5 0.05462962962962963
0 0.925 0.6787037037037037 0.14791666666666667 0.024074074074074074
0 0.83359375 0.7671296296296296 0.31197916666666664 0.11944444444444445
0 0.7171875 0.7759259259259259 0.1125 0.09814814814814815
0 0.49921875 0.8106481481481481 0.043229166666666666 0.1287037037037037
0 0.2786458333333333 0.7717592592592593 0.13854166666666667 0.09351851851851851
0 0.49895833333333334 0.7217592592592592 0.37916666666666665 0.028703703703703703
0 0.44453125 0.6648148148148149 0.12552083333333333 0.05555555555555555
1 0.61875 0.8009259259259259 0.103125 0.14814814814814814
1 0.36953125 0.7962962962962963 0.14947916666666666 0.1574074074074074
1 0.17005208333333333 0.7490740740740741 0.34010416666666665 0.10185185185185185
4 0.41901041666666666 0.48842592592592593 0.0703125 0.33611111111111114
4 0.9018229166666667 0.3800925925925926 0.10989583333333333 0.5212962962962963
