0 0.55625 0.6574074074074074 0.078125 0.037037037037037035
0 0.4234375 0.6699074074074074 0.15833333333333333 0.0712962962962963
0 0.5966145833333333 0.7013888888888888 0.6182291666666667 0.0712962962962963
0 0.9515625 0.6787037037037037 0.09583333333333334 0.02962962962962963
0 0.86640625 0.7759259259259259 0.25677083333333334 0.10185185185185185
0 0.7984375 0.8194444444444444 0.10625 0.09259259259259259
0 0.48932291666666666 0.8337962962962963 0.03802083333333333 0.04722222222222222
0 0.16875 0.8222222222222222 0.19375 0.09814814814814815
0 0.48776041666666664 0.7523148148148148 0.5369791666666667 0.05648148148148148
1 0.14921875 0.7560185185185185 0.2984375 0.09166666666666666
1 0.346875 0.8143518518518519 0.10729166666666666 0.11203703703703703
1 0.634375 0.8203703703703704 0.07604166666666666 0.11296296296296296
4 0.95078125 0.1875 0.09739583333333333 0.32314814814814813
4 0.40598958333333335 0.4564814814814815 0.0734375 0.3888888888888889
