0 0.575 0.6759259259259259 0.240625 0.09074074074074075
1 0.18619791666666666 0.7314814814814815 0.3640625 0.1259259259259259
1 0.3692708333333333 0.7814814814814814 0.18645833333333334 0.2037037037037037
1 0.6135416666666667 0.8074074074074075 0.09375 0.14814814814814814
1 0.8234375 0.7648148148148148 0.2947916666666667 0.10185185185185185
1 0.496875 0.737037037037037 0.041666666666666664 0.08703703703703704
1 0.6408854166666667 0.7236111111111111 0.06197916666666667 0.05462962962962963
2 0.4080729166666667 0.5777777777777777 0.0453125 0.2796296296296296
2 0.4265625 0.5287037037037037 0.022916666666666665 0.03148148148148148
2 0.6875 0.5106481481481482 0.017708333333333333 0.032407407407407406
