1 0.16666666666666666 0.7296296296296296 0.3333333333333333 0.07777777777777778
1 0.3640625 0.7925925925925926 0.16979166666666667 0.16666666666666666
1 0.6307291666666667 0.7472222222222222 0.21770833333333334 0.24259259259259258
1 0.8388020833333333 0.7708333333333334 0.3109375 0.12129629629629629
1 0.48776041666666664 0.7675925925925926 0.04635416666666667 0.12222222222222222
1 0.66953125 0.7537037037037037 0.07447916666666667 0.09259259259259259
1 0.5796875 0.6819444444444445 0.278125 0.08981481481481482
2 0.38203125 0.5680555555555555 0.0546875 0.36203703703703705
2 0.41484375 0.5171296296296296 0.025520833333333333 0.021296296296296296
2 0.7041666666666667 0.4976851851851852 0.020833333333333332 0.041666666666666664
