1 0.15260416666666668 0.7314814814814815 0.2916666666666667 0.07222222222222222
1 0.3307291666666667 0.7837962962962963 0.21666666666666667 0.20092592592592592
1 0.6223958333333334 0.8111111111111111 0.07916666666666666 0.12962962962962962
1 0.7541666666666667 0.7069444444444445 0.246875 0.11018518518518519
1 0.47760416666666666 0.8037037037037037 0.07708333333333334 0.11296296296296296
1 0.74140625 0.7902777777777777 0.14635416666666667 0.11388888888888889
1 0.584375 0.6990740740740741 0.3416666666666667 0.10185185185185185
1 0.8533854166666667 0.7689814814814815 0.26614583333333336 0.09907407407407408
2 0.3341145833333333 0.5375 0.0828125 0.487962962962963
2 0.403125 0.49722222222222223 0.023958333333333335 0.040740740740740744
2 0.7286458333333333 0.4759259259259259 0.016666666666666666 0.03888888888888889
