0 0.5963541666666666 0.725462962962963 0.4322916666666667 0.09907407407407408
1 0.35833333333333334 0.8106481481481481 0.11354166666666667 0.1287037037037037
1 0.62265625 0.8083333333333333 0.08489583333333334 0.1037037037037037
1 0.9 0.7097222222222223 0.19583333333333333 0.06944444444444445
1 0.78203125 0.8152777777777778 0.1015625 0.10833333333333334
1 0.4895833333333333 0.8296296296296296 0.03854166666666667 0.06666666666666667
1 0.12057291666666667 0.736574074074074 0.24114583333333334 0.06388888888888888
1 0.56796875 0.6583333333333333 0.19739583333333333 0.04259259259259259
1 0.8770833333333333 0.7754629629629629 0.22604166666666667 0.08425925925925926
2 0.26171875 0.5078703703703704 0.09427083333333333 0.6601851851851852
2 0.3841145833333333 0.47824074074074074 0.0265625 0.049074074074074076
2 0.4515625 0.549537037037037 0.014583333333333334 0.026851851851851852
2 0.7505208333333333 0.45601851851851855 0.026041666666666668 0.032407407407407406
