0 0.6192708333333333 0.7273148148148149 0.48020833333333335 0.0824074074074074
0 0.5981770833333333 0.7944444444444444 0.49947916666666664 0.07962962962962963
1 0.07630208333333334 0.7324074074074074 0.15260416666666668 0.09259259259259259
1 0.3567708333333333 0.8125 0.12291666666666666 0.14722222222222223
1 0.6364583333333333 0.7398148148148148 0.22291666666666668 0.23333333333333334
1 0.9393229166666667 0.7180555555555556 0.1171875 0.06574074074074074
1 0.5497395833333333 0.6611111111111111 0.17135416666666667 0.02962962962962963
1 0.9114583333333334 0.7861111111111111 0.15 0.046296296296296294
2 0.13463541666666667 0.4300925925925926 0.14322916666666666 0.8601851851851852
2 0.36015625 0.4462962962962963 0.0296875 0.04259259259259259
2 0.4466145833333333 0.5398148148148149 0.03177083333333333 0.02962962962962963
2 0.6729166666666667 0.5416666666666666 0.016666666666666666 0.024074074074074074
2 0.7859375 0.42083333333333334 0.028125 0.05462962962962963
