0 0.6630208333333333 0.7666666666666667 0.553125 0.14074074074074075
1 0.340625 0.8310185185185185 0.08229166666666667 0.08796296296296297
1 0.54609375 0.6625 0.18385416666666668 0.05277777777777778
1 0.89453125 0.6421296296296296 0.06822916666666666 0.05462962962962963
1 0.20911458333333333 0.6680555555555555 0.1890625 0.08981481481481482
1 0.9216145833333333 0.8175925925925925 0.0984375 0.09444444444444444
2 0.32838541666666665 0.4074074074074074 0.030729166666666665 0.06481481481481481
2 0.4359375 0.5296296296296297 0.019791666666666666 0.027777777777777776
2 0.68515625 0.5365740740740741 0.016145833333333335 0.028703703703703703
2 0.8283854166666667 0.39444444444444443 0.028645833333333332 0.04814814814814815
