0 0.6822916666666666 0.7925925925925926 0.6354166666666666 0.15555555555555556
1 0.14375 0.6625 0.22708333333333333 0.11574074074074074
1 0.55390625 0.6736111111111112 0.20677083333333332 0.03981481481481482
1 0.9270833333333334 0.6361111111111111 0.053125 0.06481481481481481
1 0.36484375 0.7810185185185186 0.0609375 0.07314814814814814
1 0.8958333333333334 0.7148148148148148 0.040625 0.03333333333333333
2 0.28151041666666665 0.36018518518518516 0.04739583333333333 0.07592592592592592
2 0.4265625 0.5236111111111111 0.019791666666666666 0.025
2 0.70390625 0.5314814814814814 0.0140625 0.027777777777777776
2 0.8830729166666667 0.3486111111111111 0.025520833333333333 0.05092592592592592
