1 0.13723958333333333 0.6777777777777778 0.24010416666666667 0.13333333333333333
1 0.5541666666666667 0.663425925925926 0.209375 0.06574074074074074
1 0.9190104166666667 0.8097222222222222 0.1609375 0.10277777777777777
1 0.29609375 0.8296296296296296 0.11197916666666667 0.11851851851851852
1 0.98125 0.7208333333333333 0.03333333333333333 0.04537037037037037
1 0.9059895833333333 0.6532407407407408 0.15260416666666668 0.058333333333333334
2 0.21458333333333332 0.2569444444444444 0.03229166666666667 0.06018518518518518
2 0.95 0.2865740740740741 0.040625 0.05092592592592592
2 0.72578125 0.5199074074074074 0.019270833333333334 0.030555555555555555
2 0.4205729166666667 0.5055555555555555 0.028645833333333332 0.025925925925925925
3 0.26145833333333335 0.2962962962962963 0.036458333333333336 0.10555555555555556
