0 0.5984375 0.7509259259259259 0.153125 0.22037037037037038
0 0.7682291666666666 0.7467592592592592 0.43020833333333336 0.21203703703703702
0 0.8049479166666667 0.6787037037037037 0.39114583333333336 0.09814814814814815
0 0.5044270833333333 0.7106481481481481 0.049479166666666664 0.0787037037037037
0 0.6158854166666666 0.7097222222222223 0.06302083333333333 0.06018518518518518
0 0.5083333333333333 0.6666666666666666 0.015625 0.022222222222222223
0 0.5533854166666666 0.6638888888888889 0.018229166666666668 0.024074074074074074
1 0.41796875 0.7347222222222223 0.19739583333333333 0.2564814814814815
1 0.5489583333333333 0.6541666666666667 0.128125 0.01574074074074074
2 0.4708333333333333 0.49907407407407406 0.13854166666666667 0.34629629629629627
