0 0.503125 0.7435185185185185 0.058333333333333334 0.09444444444444444
0 0.5583333333333333 0.712037037037037 0.08229166666666667 0.10925925925925926
0 0.6184895833333334 0.7087962962962963 0.1296875 0.09537037037037037
0 0.7736979166666667 0.75 0.42552083333333335 0.2111111111111111
0 0.8067708333333333 0.6972222222222222 0.378125 0.10555555555555556
0 0.5088541666666667 0.6689814814814815 0.016666666666666666 0.023148148148148147
0 0.5565104166666667 0.6699074074074074 0.018229166666666668 0.021296296296296296
1 0.40546875 0.7601851851851852 0.16510416666666666 0.23148148148148148
1 0.5510416666666667 0.6606481481481481 0.14895833333333333 0.03611111111111111
2 0.4557291666666667 0.4513888888888889 0.16458333333333333 0.4212962962962963
