0 0.4986979166666667 0.7662037037037037 0.0640625 0.11388888888888889
0 0.6890625 0.7569444444444444 0.10625 0.0787037037037037
0 0.5802083333333333 0.7384259259259259 0.10833333333333334 0.14907407407407408
0 0.7838541666666666 0.7481481481481481 0.4322916666666667 0.2037037037037037
0 0.8104166666666667 0.6773148148148148 0.3802083333333333 0.12129629629629629
0 0.53828125 0.6231481481481481 0.011979166666666667 0.025925925925925925
0 0.5192708333333333 0.6203703703703703 0.005208333333333333 0.03148148148148148
0 0.5010416666666667 0.6180555555555556 0.019791666666666666 0.026851851851851852
0 0.50546875 0.6657407407407407 0.0203125 0.018518518518518517
0 0.5619791666666667 0.6694444444444444 0.01875 0.020370370370370372
1 0.4036458333333333 0.7546296296296297 0.178125 0.21481481481481482
1 0.553125 0.6513888888888889 0.18854166666666666 0.019444444444444445
2 0.4348958333333333 0.4356481481481482 0.22395833333333334 0.600925925925926
2 0.6872395833333333 0.586574074074074 0.024479166666666666 0.14907407407407408
