0 0.59921875 0.7583333333333333 0.16822916666666668 0.21851851851851853
0 0.80546875 0.6699074074074074 0.38385416666666666 0.15092592592592594
0 0.77890625 0.7277777777777777 0.4348958333333333 0.19814814814814816
0 0.778125 0.799537037037037 0.15833333333333333 0.125
0 0.5020833333333333 0.6189814814814815 0.021875 0.028703703703703703
0 0.5192708333333333 0.6236111111111111 0.011458333333333333 0.030555555555555555
0 0.5361979166666667 0.625 0.013020833333333334 0.018518518518518517
0 0.5072916666666667 0.675 0.016666666666666666 0.025925925925925925
0 0.5669270833333333 0.6759259259259259 0.022395833333333334 0.022222222222222223
1 0.3966145833333333 0.7592592592592593 0.17864583333333334 0.21481481481481482
1 0.49973958333333335 0.8050925925925926 0.0640625 0.11388888888888889
1 0.55234375 0.6569444444444444 0.19010416666666666 0.021296296296296296
2 0.40625 0.3925925925925926 0.2989583333333333 0.7870370370370371
2 0.7075520833333333 0.5884259259259259 0.027604166666666666 0.18055555555555555
