0 0.6033854166666667 0.7620370370370371 0.1578125 0.21851851851851853
0 0.8205729166666667 0.6916666666666667 0.3536458333333333 0.10740740740740741
0 0.7833333333333333 0.7490740740740741 0.434375 0.19814814814814816
0 0.8322916666666667 0.8328703703703704 0.13125 0.10648148148148148
0 0.5046875 0.6787037037037037 0.04895833333333333 0.03518518518518519
0 0.5729166666666666 0.6810185185185185 0.03854166666666667 0.030555555555555555
0 0.50234375 0.6162037037037037 0.0140625 0.021296296296296296
0 0.5200520833333333 0.6152777777777778 0.0067708333333333336 0.023148148148148147
0 0.5372395833333333 0.6240740740740741 0.0109375 0.018518518518518517
1 0.4036458333333333 0.7546296296296297 0.178125 0.21481481481481482
1 0.5541666666666667 0.6597222222222222 0.215625 0.028703703703703703
2 0.7338541666666667 0.5787037037037037 0.019791666666666666 0.20925925925925926
