0 0.59921875 0.7583333333333333 0.16822916666666668 0.21851851851851853
0 0.8247395833333333 0.6916666666666667 0.35052083333333334 0.11296296296296296
0 0.7830729166666667 0.7351851851851852 0.4348958333333333 0.19814814814814816
0 0.50703125 0.6925925925925925 0.03802083333333333 0.046296296296296294
0 0.5807291666666666 0.6847222222222222 0.03229166666666667 0.026851851851851852
0 0.49765625 0.6203703703703703 0.025520833333333333 0.03148148148148148
0 0.5177083333333333 0.6296296296296297 0.007291666666666667 0.024074074074074074
0 0.5369791666666667 0.6273148148148148 0.014583333333333334 0.017592592592592594
1 0.39166666666666666 0.7657407407407407 0.178125 0.21481481481481482
1 0.5596354166666667 0.663425925925926 0.22447916666666667 0.049074074074074076
2 0.7716145833333333 0.5671296296296297 0.0296875 0.22685185185185186
