0 0.60078125 0.7583333333333333 0.14010416666666667 0.2222222222222222
0 0.83125 0.7388888888888889 0.33645833333333336 0.17407407407407408
0 0.5723958333333333 0.6796296296296296 0.2520833333333333 0.05555555555555555
0 0.50234375 0.7 0.03802083333333333 0.046296296296296294
0 0.5966145833333333 0.6976851851851852 0.05260416666666667 0.04537037037037037
0 0.5388020833333333 0.6310185185185185 0.013020833333333334 0.021296296296296296
0 0.5197916666666667 0.6259259259259259 0.013541666666666667 0.03888888888888889
0 0.49453125 0.6268518518518519 0.0328125 0.027777777777777776
1 0.3890625 0.7648148148148148 0.16354166666666667 0.23333333333333334
1 0.5752604166666667 0.6671296296296296 0.25677083333333334 0.04351851851851852
2 0.8197916666666667 0.5532407407407407 0.03229166666666667 0.2824074074074074
