0 0.39348958333333334 0.7648148148148148 0.15364583333333334 0.22777777777777777
0 0.54140625 0.6259259259259259 0.0140625 0.016666666666666666
0 0.6028645833333334 0.7708333333333334 0.14427083333333332 0.20462962962962963
0 0.83359375 0.7300925925925926 0.3338541666666667 0.1824074074074074
0 0.5010416666666667 0.7111111111111111 0.03854166666666667 0.05925925925925926
0 0.6125 0.700925925925926 0.052083333333333336 0.044444444444444446
0 0.4979166666666667 0.6185185185185185 0.021875 0.027777777777777776
0 0.51953125 0.6189814814814815 0.009895833333333333 0.030555555555555555
1 0.5661458333333333 0.6666666666666666 0.25416666666666665 0.05925925925925926
2 0.88359375 0.5324074074074074 0.0421875 0.3574074074074074
4 0.7278645833333334 0.5166666666666667 0.044270833333333336 0.24444444444444444
4 0.6536458333333334 0.5476851851851852 0.025 0.16574074074074074
