0 0.3958333333333333 0.7648148148148148 0.15 0.23333333333333334
0 0.6083333333333333 0.7814814814814814 0.13125 0.17777777777777778
0 0.8552083333333333 0.6962962962962963 0.28854166666666664 0.10740740740740741
0 0.49713541666666666 0.7356481481481482 0.043229166666666666 0.07314814814814814
0 0.640625 0.7222222222222222 0.07291666666666667 0.06481481481481481
0 0.49713541666666666 0.6217592592592592 0.0296875 0.030555555555555555
0 0.5213541666666667 0.6189814814814815 0.011458333333333333 0.03425925925925926
0 0.53984375 0.6287037037037037 0.011979166666666667 0.020370370370370372
1 0.5791666666666667 0.6782407407407407 0.3 0.05277777777777778
2 0.9630208333333333 0.49675925925925923 0.03333333333333333 0.41203703703703703
4 0.74609375 0.5208333333333334 0.0515625 0.2675925925925926
4 0.65625 0.5587962962962963 0.025 0.16574074074074074
