0 0.37864583333333335 0.7708333333333334 0.13645833333333332 0.18796296296296297
0 0.49140625 0.7736111111111111 0.0640625 0.12129629629629629
0 0.6114583333333333 0.7833333333333333 0.12083333333333333 0.17407407407407408
0 0.6815104166666667 0.7550925925925925 0.0859375 0.08796296296296297
0 0.86171875 0.7032407407407407 0.2703125 0.10092592592592593
0 0.7528645833333333 0.6717592592592593 0.0671875 0.08055555555555556
0 0.8234375 0.7680555555555556 0.33125 0.14166666666666666
0 0.4942708333333333 0.6236111111111111 0.030208333333333334 0.028703703703703703
0 0.521875 0.6226851851851852 0.016666666666666666 0.026851851851851852
0 0.5427083333333333 0.6282407407407408 0.020833333333333332 0.026851851851851852
1 0.5770833333333333 0.6921296296296297 0.3875 0.062037037037037036
4 0.775 0.5157407407407407 0.040625 0.29259259259259257
4 0.6666666666666666 0.5541666666666667 0.03229166666666667 0.17314814814814813
