0 0.3729166666666667 0.7754629629629629 0.13645833333333332 0.18796296296296297
0 0.7645833333333333 0.8009259259259259 0.16666666666666666 0.12962962962962962
0 0.9036458333333334 0.7134259259259259 0.19166666666666668 0.062037037037037036
0 0.6088541666666667 0.7958333333333333 0.12916666666666668 0.16018518518518518
0 0.8393229166666667 0.7699074074074074 0.3203125 0.12314814814814815
0 0.54609375 0.6259259259259259 0.018229166666666668 0.025925925925925925
0 0.5197916666666667 0.6226851851851852 0.0125 0.026851851851851852
0 0.49296875 0.624537037037037 0.030729166666666665 0.026851851851851852
1 0.5625 0.7032407407407407 0.4041666666666667 0.08796296296296297
1 0.48541666666666666 0.8092592592592592 0.078125 0.1111111111111111
2 0.4515625 0.5777777777777777 0.01875 0.040740740740740744
4 0.8052083333333333 0.5 0.05520833333333333 0.31851851851851853
4 0.6791666666666667 0.5439814814814815 0.03229166666666667 0.18611111111111112
