0 0.34713541666666664 0.762962962962963 0.10260416666666666 0.21666666666666667
0 0.8677083333333333 0.7967592592592593 0.2604166666666667 0.13055555555555556
0 0.6270833333333333 0.8166666666666667 0.09583333333333334 0.12407407407407407
0 0.49270833333333336 0.6259259259259259 0.026041666666666668 0.03888888888888889
0 0.5213541666666667 0.6236111111111111 0.010416666666666666 0.03425925925925926
0 0.54765625 0.6291666666666667 0.019270833333333334 0.017592592592592594
1 0.6169270833333333 0.7300925925925926 0.5567708333333333 0.11388888888888889
2 0.44609375 0.5717592592592593 0.0234375 0.04722222222222222
4 0.8377604166666667 0.4791666666666667 0.0765625 0.3824074074074074
4 0.6903645833333333 0.5462962962962963 0.03177083333333333 0.20555555555555555
4 0.3963541666666667 0.5472222222222223 0.01875 0.18703703703703703
