0 0.3223958333333333 0.7703703703703704 0.07083333333333333 0.2074074074074074
0 0.9091145833333333 0.8055555555555556 0.17864583333333334 0.08703703703703704
0 0.9307291666666667 0.6949074074074074 0.13854166666666667 0.08796296296296297
0 0.48984375 0.6291666666666667 0.0390625 0.028703703703703703
0 0.5205729166666667 0.6319444444444444 0.011979166666666667 0.026851851851851852
0 0.5505208333333333 0.6351851851851852 0.020833333333333332 0.014814814814814815
0 0.5510416666666667 0.6416666666666667 0.05416666666666667 0.011111111111111112
1 0.59765625 0.8134259259259259 0.5859375 0.09351851851851851
1 0.6052083333333333 0.7240740740740741 0.6229166666666667 0.1037037037037037
1 0.8372395833333334 0.6555555555555556 0.09114583333333333 0.05555555555555555
2 0.44088541666666664 0.5703703703703704 0.028645833333333332 0.05
4 0.8744791666666667 0.4527777777777778 0.07083333333333333 0.42777777777777776
4 0.7018229166666666 0.5194444444444445 0.03802083333333333 0.1962962962962963
4 0.3854166666666667 0.5351851851851852 0.017708333333333333 0.20185185185185187
