0 0.95234375 0.6782407407407407 0.0953125 0.09537037037037037
0 0.9200520833333333 0.8268518518518518 0.1609375 0.11851851851851852
0 0.55078125 0.6361111111111111 0.0234375 0.022222222222222223
0 0.52109375 0.6333333333333333 0.013020833333333334 0.03518518518518519
0 0.4903645833333333 0.6328703703703704 0.04010416666666667 0.030555555555555555
1 0.6044270833333333 0.7773148148148148 0.7723958333333333 0.18981481481481483
1 0.88515625 0.6574074074074074 0.10052083333333334 0.044444444444444446
1 0.5778645833333333 0.6754629629629629 0.11197916666666667 0.03796296296296296
2 0.43802083333333336 0.5587962962962963 0.028125 0.05648148148148148
4 0.7197916666666667 0.5097222222222222 0.04583333333333333 0.18796296296296297
4 0.9216145833333333 0.4449074074074074 0.0734375 0.45092592592592595
4 0.3763020833333333 0.5361111111111111 0.0171875 0.21851851851851853
