0 0.49140625 0.6351851851851852 0.0390625 0.03518518518518519
0 0.5223958333333333 0.6412037037037037 0.0125 0.03796296296296296
0 0.5549479166666667 0.6412037037037037 0.0234375 0.026851851851851852
0 0.5674479166666667 0.6513888888888889 0.07552083333333333 0.01574074074074074
1 0.5356770833333333 0.7935185185185185 0.9286458333333333 0.22592592592592592
1 0.5877604166666667 0.6824074074074075 0.12760416666666666 0.04814814814814815
2 0.42864583333333334 0.5657407407407408 0.028125 0.05
4 0.36692708333333335 0.5291666666666667 0.03802083333333333 0.262037037037037
4 0.7453125 0.5143518518518518 0.058333333333333334 0.2861111111111111
4 0.9614583333333333 0.40046296296296297 0.07708333333333334 0.537962962962963
