0 0.0953125 0.7680555555555556 0.10833333333333334 0.20092592592592592
0 0.52421875 0.6435185185185185 0.0140625 0.037037037037037035
0 0.48828125 0.6435185185185185 0.044270833333333336 0.03148148148148148
0 0.5544270833333333 0.6449074074074074 0.024479166666666666 0.025
0 0.5825520833333333 0.6615740740740741 0.11302083333333333 0.013888888888888888
0 0.5825520833333333 0.65 0.0171875 0.014814814814814815
0 0.5447916666666667 0.6560185185185186 0.014583333333333334 0.019444444444444445
1 0.17760416666666667 0.6513888888888889 0.17395833333333333 0.05277777777777778
1 0.9401041666666666 0.6652777777777777 0.12083333333333333 0.03796296296296296
1 0.60234375 0.7083333333333334 0.1453125 0.06666666666666667
2 0.42578125 0.5615740740740741 0.03177083333333333 0.05648148148148148
4 0.75625 0.5171296296296296 0.058333333333333334 0.2861111111111111
4 0.35625 0.5226851851851851 0.04583333333333333 0.28055555555555556
