0 0.02890625 0.6967592592592593 0.0578125 0.18055555555555555
0 0.39348958333333334 0.6513888888888889 0.2390625 0.049074074074074076
0 0.5263020833333333 0.649074074074074 0.009895833333333333 0.03888888888888889
0 0.5625 0.6518518518518519 0.036458333333333336 0.025925925925925925
0 0.5471354166666667 0.6560185185185186 0.013020833333333334 0.012037037037037037
0 0.59140625 0.6560185185185186 0.0203125 0.012037037037037037
0 0.58359375 0.6657407407407407 0.10885416666666667 0.016666666666666666
1 0.15234375 0.6537037037037037 0.2421875 0.053703703703703705
1 0.9395833333333333 0.6625 0.12083333333333333 0.03796296296296296
1 0.6296875 0.7282407407407407 0.17395833333333333 0.075
2 0.41380208333333335 0.5513888888888889 0.03177083333333333 0.05648148148148148
4 0.7885416666666667 0.5083333333333333 0.058333333333333334 0.28703703703703703
4 0.33203125 0.5097222222222222 0.0453125 0.28055555555555556
