0 0.5263020833333333 0.6453703703703704 0.015104166666666667 0.040740740740740744
0 0.5671875 0.649537037037037 0.03958333333333333 0.032407407407407406
0 0.59140625 0.662962962962963 0.1203125 0.012962962962962963
0 0.37552083333333336 0.6504629629629629 0.2708333333333333 0.04537037037037037
1 0.12473958333333333 0.662962962962963 0.25052083333333336 0.05740740740740741
1 0.6424479166666667 0.7310185185185185 0.24322916666666666 0.07314814814814814
1 0.71484375 0.6550925925925926 0.2786458333333333 0.041666666666666664
2 0.40651041666666665 0.5435185185185185 0.03177083333333333 0.05555555555555555
4 0.8197916666666667 0.5032407407407408 0.05520833333333333 0.36944444444444446
4 0.31015625 0.49537037037037035 0.04010416666666667 0.32407407407407407
