0 0.7169270833333333 0.7759259259259259 0.30572916666666666 0.0962962962962963
0 0.3494791666666667 0.6541666666666667 0.3072916666666667 0.075
0 0.5283854166666667 0.6504629629629629 0.0234375 0.05648148148148148
0 0.5557291666666667 0.6574074074074074 0.014583333333333334 0.012962962962962963
0 0.60546875 0.6574074074074074 0.0234375 0.012962962962962963
0 0.59296875 0.6689814814814815 0.12864583333333332 0.019444444444444445
0 0.5763020833333333 0.6537037037037037 0.043229166666666666 0.03518518518518519
1 0.09479166666666666 0.6615740740740741 0.190625 0.06944444444444445
1 0.79140625 0.6615740740740741 0.4088541666666667 0.04537037037037037
2 0.3885416666666667 0.5365740740740741 0.034375 0.075
2 0.58828125 0.5726851851851852 0.09322916666666667 0.1398148148148148
4 0.28567708333333336 0.47685185185185186 0.05677083333333333 0.35
4 0.8533854166666667 0.4759259259259259 0.0671875 0.4074074074074074
