0 0.33125 0.6592592592592592 0.35104166666666664 0.07962962962962963
0 0.5296875 0.6481481481481481 0.025 0.05185185185185185
0 0.5611979166666666 0.6555555555555556 0.013020833333333334 0.016666666666666666
0 0.5807291666666666 0.6509259259259259 0.04895833333333333 0.025925925925925925
0 0.61484375 0.6550925925925926 0.0265625 0.023148148148148147
0 0.6036458333333333 0.6685185185185185 0.13333333333333333 0.03148148148148148
1 0.071875 0.662962962962963 0.14479166666666668 0.05740740740740741
1 0.7921875 0.6560185185185186 0.41458333333333336 0.05277777777777778
1 0.82265625 0.8185185185185185 0.3546875 0.1
2 0.371875 0.5152777777777777 0.034375 0.0824074074074074
4 0.8947916666666667 0.4388888888888889 0.06770833333333333 0.40925925925925927
4 0.24427083333333333 0.4601851851851852 0.03958333333333333 0.44074074074074077
