0 0.3015625 0.674074074074074 0.42291666666666666 0.09814814814814815
0 0.5328125 0.6685185185185185 0.022916666666666665 0.06111111111111111
0 0.5434895833333333 0.6606481481481481 0.0171875 0.012037037037037037
0 0.56640625 0.6763888888888889 0.018229166666666668 0.021296296296296296
0 0.59296875 0.674537037037037 0.05572916666666667 0.03611111111111111
0 0.6244791666666667 0.6773148148148148 0.023958333333333335 0.013888888888888888
0 0.62265625 0.6930555555555555 0.17135416666666667 0.025
1 0.039322916666666666 0.6754629629629629 0.07864583333333333 0.062037037037037036
1 0.79140625 0.6800925925925926 0.4078125 0.041666666666666664
3 0.34765625 0.5120370370370371 0.0328125 0.09444444444444444
4 0.9361979166666666 0.41944444444444445 0.09010416666666667 0.44814814814814813
4 0.19947916666666668 0.4449074074074074 0.059375 0.49722222222222223
