0 0.259375 0.6675925925925926 0.4979166666666667 0.11296296296296296
0 0.5377604166666666 0.6699074074074074 0.03177083333333333 0.062037037037037036
0 0.5744791666666667 0.6819444444444445 0.017708333333333333 0.021296296296296296
0 0.6442708333333333 0.6935185185185185 0.19270833333333334 0.03888888888888889
0 0.5994791666666667 0.6731481481481482 0.07395833333333333 0.046296296296296294
0 0.64375 0.6773148148148148 0.0375 0.021296296296296296
1 0.8028645833333333 0.6731481481481482 0.39114583333333336 0.05
3 0.31354166666666666 0.48009259259259257 0.035416666666666666 0.09907407407407408
4 0.14713541666666666 0.4134259259259259 0.0703125 0.612037037037037
5 0.9716145833333333 0.25416666666666665 0.05677083333333333 0.25277777777777777
