0 0.2609375 0.6666666666666666 0.5177083333333333 0.18518518518518517
0 0.55234375 0.6671296296296296 0.018229166666666668 0.025
0 0.5421875 0.6828703703703703 0.041666666666666664 0.08796296296296297
0 0.5828125 0.6912037037037037 0.029166666666666667 0.030555555555555555
0 0.6666666666666666 0.7106481481481481 0.21666666666666667 0.04537037037037037
0 0.66171875 0.687037037037037 0.0421875 0.018518518518518517
0 0.6161458333333333 0.6856481481481481 0.10416666666666667 0.05277777777777778
0 0.8166666666666667 0.687037037037037 0.3645833333333333 0.046296296296296294
3 0.27005208333333336 0.44907407407407407 0.0484375 0.12777777777777777
4 0.07890625 0.37777777777777777 0.13385416666666666 0.7203703703703703
