0 0.25416666666666665 0.7328703703703704 0.509375 0.19537037037037036
0 0.615625 0.7138888888888889 0.04791666666666667 0.04814814814814815
0 0.7252604166666666 0.7037037037037037 0.07760416666666667 0.040740740740740744
0 0.6067708333333334 0.6675925925925926 0.026041666666666668 0.016666666666666666
0 0.6723958333333333 0.7060185185185185 0.19270833333333334 0.09166666666666666
0 0.55859375 0.6680555555555555 0.021354166666666667 0.01574074074074074
0 0.5638020833333334 0.7175925925925926 0.08385416666666666 0.1574074074074074
0 0.7502604166666667 0.7518518518518519 0.3151041666666667 0.07962962962962963
0 0.8416666666666667 0.6962962962962963 0.30625 0.05555555555555555
3 0.09479166666666666 0.2916666666666667 0.078125 0.1962962962962963
