0 0.40078125 0.7587962962962963 0.2171875 0.2175925925925926
0 0.8158854166666667 0.6861111111111111 0.27447916666666666 0.03333333333333333
0 0.7838541666666666 0.7106481481481481 0.340625 0.08796296296296297
0 0.9200520833333333 0.7754629629629629 0.10885416666666667 0.05462962962962963
0 0.78515625 0.7648148148148148 0.3807291666666667 0.17037037037037037
0 0.75625 0.825462962962963 0.10520833333333333 0.06944444444444445
0 0.6510416666666666 0.6949074074074074 0.03958333333333333 0.023148148148148147
0 0.5783854166666667 0.6939814814814815 0.025520833333333333 0.026851851851851852
0 0.5901041666666667 0.7606481481481482 0.128125 0.21574074074074073
0 0.22057291666666667 0.7046296296296296 0.4401041666666667 0.1
2 0.7903645833333334 0.4976851851851852 0.15885416666666666 0.42314814814814816
2 0.6138020833333333 0.5712962962962963 0.08385416666666666 0.22407407407407406
4 0.49583333333333335 0.6037037037037037 0.03958333333333333 0.08518518518518518
4 0.55234375 0.6143518518518518 0.033854166666666664 0.09907407407407408
