0 0.3841145833333333 0.7638888888888888 0.25052083333333336 0.2462962962962963
0 0.2234375 0.7023148148148148 0.446875 0.11574074074074074
0 0.59296875 0.7532407407407408 0.13802083333333334 0.225
0 0.5854166666666667 0.6930555555555555 0.0375 0.03611111111111111
0 0.7924479166666667 0.7643518518518518 0.3546875 0.15462962962962962
0 0.6658854166666667 0.6953703703703704 0.0390625 0.02962962962962963
0 0.8109375 0.7111111111111111 0.3770833333333333 0.09074074074074075
0 0.8369791666666667 0.6842592592592592 0.32395833333333335 0.03888888888888889
2 0.8447916666666667 0.4550925925925926 0.19375 0.5231481481481481
2 0.61953125 0.5518518518518518 0.08385416666666666 0.22407407407407406
4 0.55234375 0.6175925925925926 0.027604166666666666 0.11666666666666667
4 0.49453125 0.5981481481481481 0.027604166666666666 0.11666666666666667
