0 0.3841145833333333 0.7638888888888888 0.25052083333333336 0.2462962962962963
0 0.22213541666666667 0.7097222222222223 0.44427083333333334 0.14166666666666666
0 0.8403645833333333 0.6768518518518518 0.3151041666666667 0.03888888888888889
0 0.82578125 0.712037037037037 0.3411458333333333 0.07407407407407407
0 0.69375 0.7032407407407407 0.06145833333333333 0.028703703703703703
0 0.8028645833333333 0.762962962962963 0.3494791666666667 0.13703703703703704
0 0.6 0.7101851851851851 0.036458333333333336 0.037037037037037035
0 0.5919270833333333 0.7583333333333333 0.13385416666666666 0.21296296296296297
2 0.9080729166666667 0.29259259259259257 0.1828125 0.42592592592592593
2 0.6309895833333333 0.5486111111111112 0.09427083333333333 0.2361111111111111
4 0.55234375 0.6175925925925926 0.027604166666666666 0.11666666666666667
4 0.49453125 0.5981481481481481 0.027604166666666666 0.11666666666666667
