0 0.22239583333333332 0.7171296296296297 0.44375 0.11944444444444445
0 0.41067708333333336 0.7587962962962963 0.1921875 0.22685185185185186
0 0.5875 0.7569444444444444 0.12291666666666666 0.2212962962962963
0 0.621875 0.7240740740740741 0.05 0.04259259259259259
0 0.8182291666666667 0.7703703703703704 0.32916666666666666 0.12962962962962962
0 0.7364583333333333 0.7166666666666667 0.075 0.037037037037037035
0 0.85 0.7175925925925926 0.296875 0.06111111111111111
0 0.8497395833333333 0.675 0.2984375 0.02962962962962963
2 0.6421875 0.5143518518518518 0.10520833333333333 0.23796296296296296
4 0.4908854166666667 0.6018518518518519 0.027604166666666666 0.11666666666666667
4 0.54609375 0.624537037037037 0.027604166666666666 0.11574074074074074
