0 0.21510416666666668 0.7189814814814814 0.43125 0.1287037037037037
0 0.40911458333333334 0.7587962962962963 0.19427083333333334 0.21944444444444444
0 0.6544270833333333 0.7462962962962963 0.06927083333333334 0.06111111111111111
0 0.5921875 0.7587962962962963 0.13125 0.22314814814814815
0 0.83125 0.7712962962962963 0.30833333333333335 0.11296296296296296
0 0.8963541666666667 0.6773148148148148 0.20625 0.025
0 0.81171875 0.7356481481481482 0.06927083333333334 0.028703703703703703
0 0.8981770833333333 0.7226851851851852 0.19947916666666668 0.03981481481481482
2 0.6583333333333333 0.5087962962962963 0.13229166666666667 0.30462962962962964
4 0.4890625 0.5851851851851851 0.04479166666666667 0.13333333333333333
4 0.5565104166666667 0.600925925925926 0.034895833333333334 0.09814814814814815
