0 0.4088541666666667 0.7583333333333333 0.20208333333333334 0.2518518518518518
0 0.21119791666666668 0.7129629629629629 0.42239583333333336 0.1425925925925926
0 0.7184895833333333 0.7930555555555555 0.1421875 0.12314814814814815
0 0.853125 0.7856481481481481 0.2604166666666667 0.10833333333333334
0 0.8177083333333334 0.7342592592592593 0.05416666666666667 0.03888888888888889
0 0.73671875 0.6986111111111111 0.2046875 0.06944444444444445
0 0.7684895833333333 0.6662037037037037 0.1359375 0.026851851851851852
0 0.5901041666666667 0.7541666666666667 0.12708333333333333 0.21388888888888888
2 0.67265625 0.5069444444444444 0.1390625 0.3638888888888889
4 0.48828125 0.5847222222222223 0.04010416666666667 0.11388888888888889
4 0.553125 0.6055555555555555 0.035416666666666666 0.09259259259259259
