0 0.40625 0.7615740740740741 0.209375 0.25092592592592594
0 0.20911458333333333 0.7148148148148148 0.41822916666666665 0.12777777777777777
0 0.8421875 0.6712962962962963 0.3145833333333333 0.03148148148148148
0 0.8364583333333333 0.7134259259259259 0.3177083333333333 0.06018518518518518
0 0.5934895833333333 0.7550925925925925 0.13385416666666666 0.21574074074074073
0 0.8963541666666667 0.8 0.18333333333333332 0.07222222222222222
0 0.9309895833333334 0.7620370370370371 0.1359375 0.05740740740740741
0 0.7713541666666667 0.8212962962962963 0.11979166666666667 0.06481481481481481
2 0.6979166666666666 0.487962962962963 0.14895833333333333 0.40555555555555556
4 0.48671875 0.5861111111111111 0.0453125 0.13333333333333333
4 0.5502604166666667 0.6046296296296296 0.0234375 0.06851851851851852
