0 0.3919270833333333 0.763425925925926 0.19322916666666667 0.22685185185185186
0 0.78203125 0.7087962962962963 0.4359375 0.09907407407407408
0 0.6302083333333334 0.7037037037037037 0.04375 0.040740740740740744
0 0.8932291666666666 0.6851851851851852 0.21145833333333333 0.018518518518518517
0 0.46171875 0.6717592592592593 0.0203125 0.012037037037037037
0 0.45546875 0.6782407407407407 0.0234375 0.004629629629629629
0 0.44583333333333336 0.6856481481481481 0.021875 0.013888888888888888
0 0.6002604166666666 0.7597222222222222 0.16927083333333334 0.2064814814814815
4 0.46822916666666664 0.5680555555555555 0.08229166666666667 0.14537037037037037
4 0.5630208333333333 0.6138888888888889 0.05416666666666667 0.13703703703703704
