0 0.38776041666666666 0.7657407407407407 0.19010416666666666 0.21851851851851853
0 0.7888020833333333 0.7092592592592593 0.4234375 0.1
0 0.6049479166666667 0.7583333333333333 0.18697916666666667 0.21481481481481482
0 0.6526041666666667 0.7287037037037037 0.05416666666666667 0.06481481481481481
0 0.9223958333333333 0.687037037037037 0.15416666666666667 0.024074074074074074
0 0.4552083333333333 0.6777777777777778 0.027083333333333334 0.012962962962962963
0 0.44505208333333335 0.687037037037037 0.028645833333333332 0.009259259259259259
0 0.4322916666666667 0.6972222222222222 0.034375 0.016666666666666666
4 0.45286458333333335 0.5666666666666667 0.05260416666666667 0.1814814814814815
4 0.5541666666666667 0.586574074074074 0.0375 0.11944444444444445
