0 0.37890625 0.7574074074074074 0.20572916666666666 0.22777777777777777
0 0.6833333333333333 0.6995370370370371 0.2625 0.08055555555555556
0 0.6919270833333333 0.7513888888888889 0.09739583333333333 0.0712962962962963
0 0.7520833333333333 0.7337962962962963 0.12083333333333333 0.06018518518518518
0 0.4484375 0.6824074074074075 0.025 0.022222222222222223
0 0.4388020833333333 0.6935185185185185 0.0390625 0.016666666666666666
0 0.41875 0.7111111111111111 0.03229166666666667 0.025925925925925925
0 0.6028645833333334 0.7592592592592593 0.1828125 0.20925925925925926
0 0.65625 0.6888888888888889 0.022916666666666665 0.020370370370370372
0 0.6890625 0.6976851851851852 0.036458333333333336 0.026851851851851852
4 0.44895833333333335 0.5578703703703703 0.053125 0.1824074074074074
4 0.5541666666666667 0.587037037037037 0.040625 0.11851851851851852
