0 0.37942708333333336 0.7648148148148148 0.19739583333333333 0.2074074074074074
0 0.7765625 0.7152777777777778 0.446875 0.12129629629629629
0 0.4375 0.6912037037037037 0.03333333333333333 0.01574074074074074
0 0.4236979166666667 0.7037037037037037 0.0328125 0.018518518518518517
0 0.3966145833333333 0.7185185185185186 0.0421875 0.024074074074074074
0 0.6078125 0.7643518518518518 0.203125 0.20833333333333334
0 0.76484375 0.7912037037037037 0.14427083333333332 0.08796296296296297
0 0.82890625 0.7638888888888888 0.16197916666666667 0.07037037037037037
0 0.6481770833333333 0.687962962962963 0.0328125 0.020370370370370372
0 0.6848958333333334 0.6962962962962963 0.03333333333333333 0.018518518518518517
0 0.7263020833333333 0.7106481481481481 0.04010416666666667 0.026851851851851852
0 0.7330729166666666 0.6962962962962963 0.025520833333333333 0.014814814814814815
0 0.77109375 0.6953703703703704 0.033854166666666664 0.024074074074074074
0 0.8161458333333333 0.6990740740740741 0.030208333333333334 0.018518518518518517
0 0.8651041666666667 0.6976851851851852 0.0375 0.017592592592592594
0 0.9236979166666667 0.6953703703703704 0.0328125 0.020370370370370372
0 0.9796875 0.6888888888888889 0.03958333333333333 0.016666666666666666
4 0.4421875 0.5523148148148148 0.05 0.18055555555555555
4 0.5580729166666667 0.5949074074074074 0.03802083333333333 0.10092592592592593
