0 0.37604166666666666 0.7685185185185185 0.20833333333333334 0.22962962962962963
0 0.7765625 0.7212962962962963 0.446875 0.13148148148148148
0 0.61484375 0.762962962962963 0.20572916666666666 0.2111111111111111
0 0.42604166666666665 0.700925925925926 0.041666666666666664 0.018518518518518517
0 0.4010416666666667 0.7166666666666667 0.046875 0.025925925925925925
0 0.3692708333333333 0.7430555555555556 0.065625 0.028703703703703703
0 0.37057291666666664 0.7060185185185185 0.027604166666666666 0.017592592592592594
0 0.325 0.711574074074074 0.029166666666666667 0.019444444444444445
0 0.6705729166666666 0.6981481481481482 0.0265625 0.025925925925925925
0 0.7127604166666667 0.7060185185185185 0.04010416666666667 0.028703703703703703
0 0.77421875 0.7194444444444444 0.05677083333333333 0.03148148148148148
0 0.76328125 0.6995370370370371 0.04114583333333333 0.023148148148148147
0 0.82109375 0.700462962962963 0.0328125 0.021296296296296296
0 0.87421875 0.7041666666666667 0.0328125 0.021296296296296296
0 0.9377604166666667 0.6986111111111111 0.04739583333333333 0.010185185185185186
0 0.9916666666666667 0.6925925925925925 0.014583333333333334 0.016666666666666666
0 0.9028645833333333 0.7833333333333333 0.18489583333333334 0.08888888888888889
0 0.7877604166666666 0.7921296296296296 0.028645833333333332 0.025
0 0.8276041666666667 0.8134259259259259 0.03854166666666667 0.03425925925925926
0 0.8919270833333334 0.8361111111111111 0.06302083333333333 0.03888888888888889
4 0.44036458333333334 0.5467592592592593 0.0640625 0.21388888888888888
4 0.5606770833333333 0.5837962962962963 0.04739583333333333 0.1287037037037037
