0 0.3809895833333333 0.7597222222222222 0.20677083333333332 0.21944444444444444
0 0.4122395833333333 0.7106481481481481 0.04635416666666667 0.026851851851851852
0 0.37734375 0.7314814814814815 0.05572916666666667 0.022222222222222223
0 0.31145833333333334 0.7787037037037037 0.090625 0.044444444444444446
0 0.3380208333333333 0.7189814814814814 0.042708333333333334 0.013888888888888888
0 0.2794270833333333 0.7291666666666666 0.058854166666666666 0.023148148148148147
0 0.20729166666666668 0.7337962962962963 0.0625 0.017592592592592594
0 0.7005208333333334 0.700925925925926 0.04375 0.022222222222222223
0 0.7638020833333333 0.7185185185185186 0.0484375 0.024074074074074074
0 0.84921875 0.7388888888888889 0.0734375 0.03518518518518519
0 0.8296875 0.7060185185185185 0.046875 0.019444444444444445
0 0.8919270833333334 0.7097222222222223 0.033854166666666664 0.01574074074074074
0 0.9591145833333333 0.7046296296296296 0.0421875 0.025925925925925925
0 0.6119791666666666 0.7583333333333333 0.19791666666666666 0.1962962962962963
1 0.7736979166666667 0.7236111111111111 0.4515625 0.12314814814814815
4 0.43697916666666664 0.5328703703703703 0.084375 0.2064814814814815
4 0.5580729166666667 0.5680555555555555 0.050520833333333334 0.09907407407407408
