0 0.38177083333333334 0.7648148148148148 0.19479166666666667 0.19814814814814816
0 0.6111979166666667 0.7620370370370371 0.20052083333333334 0.20185185185185187
0 0.746875 0.7143518518518519 0.04583333333333333 0.03981481481481482
0 0.8294270833333334 0.7416666666666667 0.06197916666666667 0.03333333333333333
0 0.9591145833333333 0.7583333333333333 0.07239583333333334 0.037037037037037035
0 0.8411458333333334 0.7185185185185186 0.03854166666666667 0.012962962962962963
0 0.9075520833333334 0.7208333333333333 0.0390625 0.01574074074074074
0 0.978125 0.7157407407407408 0.042708333333333334 0.016666666666666666
0 0.38697916666666665 0.7324074074074074 0.065625 0.03148148148148148
0 0.3265625 0.7736111111111111 0.07291666666666667 0.03425925925925926
0 0.19895833333333332 0.8439814814814814 0.12916666666666668 0.05277777777777778
0 0.28854166666666664 0.7453703703703703 0.04791666666666667 0.027777777777777776
0 0.20442708333333334 0.7537037037037037 0.0671875 0.025925925925925925
0 0.09713541666666667 0.7606481481481482 0.07135416666666666 0.025
1 0.7856770833333333 0.7277777777777777 0.42864583333333334 0.12407407407407407
4 0.43411458333333336 0.5162037037037037 0.10572916666666667 0.24537037037037038
4 0.5786458333333333 0.5907407407407408 0.051041666666666666 0.1259259259259259
