0 0.93125 0.75 0.07916666666666666 0.03333333333333333
0 0.8153645833333333 0.7337962962962963 0.0578125 0.028703703703703703
0 0.6078125 0.7587962962962963 0.18125 0.1935185185185185
0 0.38125 0.774074074074074 0.19791666666666666 0.20925925925925926
0 0.23255208333333333 0.8412037037037037 0.13489583333333333 0.05648148148148148
0 0.34817708333333336 0.7699074074074074 0.0765625 0.049074074074074076
0 0.2 0.7824074074074074 0.09270833333333334 0.027777777777777776
0 0.07942708333333333 0.7888888888888889 0.10364583333333334 0.024074074074074074
1 0.775 0.7268518518518519 0.4197916666666667 0.1259259259259259
4 0.41744791666666664 0.5152777777777777 0.09947916666666666 0.2972222222222222
4 0.578125 0.5837962962962963 0.04791666666666667 0.15092592592592594
