1 0.39505208333333336 0.7569444444444444 0.14322916666666666 0.2175925925925926
1 0.5838541666666667 0.7583333333333333 0.21875 0.2388888888888889
1 0.5986979166666667 0.7708333333333334 0.4390625 0.07314814814814814
1 0.73671875 0.7185185185185186 0.5255208333333333 0.15
1 0.76953125 0.6967592592592593 0.15885416666666666 0.049074074074074076
1 0.83984375 0.6796296296296296 0.0703125 0.027777777777777776
1 0.84453125 0.6569444444444444 0.3098958333333333 0.030555555555555555
1 0.5276041666666667 0.674074074074074 0.13854166666666667 0.03148148148148148
4 0.7520833333333333 0.48148148148148145 0.06458333333333334 0.3537037037037037
4 0.37552083333333336 0.37777777777777777 0.09479166666666666 0.7555555555555555
