0 0.4239583333333333 0.7532407407407408 0.190625 0.22870370370370371
0 0.57265625 0.7018518518518518 0.08697916666666666 0.13703703703703704
0 0.8502604166666666 0.7287037037037037 0.2984375 0.10740740740740741
0 0.6729166666666667 0.6916666666666667 0.20520833333333333 0.08333333333333333
1 0.5145833333333333 0.6648148148148149 0.016666666666666666 0.037037037037037035
1 0.56640625 0.6694444444444444 0.0140625 0.016666666666666666
1 0.60390625 0.6587962962962963 0.0515625 0.030555555555555555
1 0.7359375 0.6597222222222222 0.13541666666666666 0.030555555555555555
1 0.7588541666666667 0.6481481481481481 0.23020833333333332 0.02962962962962963
2 0.4669270833333333 0.5712962962962963 0.07135416666666666 0.2833333333333333
2 0.4158854166666667 0.6078703703703704 0.033854166666666664 0.24166666666666667
