0 0.4239583333333333 0.7532407407407408 0.19166666666666668 0.22870370370370371
0 0.61796875 0.7518518518518519 0.16822916666666668 0.21666666666666667
0 0.8768229166666667 0.7208333333333333 0.2453125 0.06574074074074074
0 0.74609375 0.7078703703703704 0.34010416666666665 0.11203703703703703
1 0.5158854166666667 0.675 0.0140625 0.05555555555555555
1 0.5752604166666667 0.6796296296296296 0.015104166666666667 0.04259259259259259
1 0.6377604166666667 0.6722222222222223 0.018229166666666668 0.03518518518518519
1 0.8346354166666666 0.6643518518518519 0.32864583333333336 0.030555555555555555
1 0.8278645833333333 0.649537037037037 0.34322916666666664 0.017592592592592594
2 0.45807291666666666 0.5425925925925926 0.09010416666666667 0.34074074074074073
2 0.38567708333333334 0.5962962962962963 0.04114583333333333 0.31851851851851853
