0 0.42942708333333335 0.7541666666666667 0.1984375 0.2212962962962963
0 0.5138020833333333 0.6921296296296297 0.021354166666666667 0.03981481481481482
0 0.58828125 0.6916666666666667 0.043229166666666666 0.05185185185185185
0 0.6208333333333333 0.7574074074074074 0.171875 0.22592592592592592
0 0.9166666666666666 0.725925925925926 0.165625 0.04259259259259259
0 0.6575520833333334 0.6805555555555556 0.043229166666666666 0.03148148148148148
0 0.7861979166666667 0.7166666666666667 0.4265625 0.12962962962962962
1 0.5200520833333333 0.6615740740740741 0.011979166666666667 0.013888888888888888
1 0.7955729166666666 0.6657407407407407 0.2942708333333333 0.037037037037037035
1 0.8625 0.6509259259259259 0.2708333333333333 0.024074074074074074
2 0.44114583333333335 0.5449074074074074 0.10833333333333334 0.42314814814814816
2 0.33671875 0.5708333333333333 0.06197916666666667 0.4305555555555556
