0 0.4276041666666667 0.7620370370370371 0.19270833333333334 0.22037037037037038
0 0.5114583333333333 0.7064814814814815 0.028125 0.03333333333333333
0 0.6104166666666667 0.700462962962963 0.03333333333333333 0.04351851851851852
0 0.690625 0.6962962962962963 0.053125 0.03518518518518519
0 0.5989583333333334 0.737037037037037 0.12083333333333333 0.17407407407407408
0 0.71015625 0.7125 0.28177083333333336 0.11018518518518519
1 0.5190104166666667 0.6662037037037037 0.013020833333333334 0.017592592592592594
1 0.97578125 0.7342592592592593 0.044270833333333336 0.03148148148148148
1 0.83046875 0.6703703703703704 0.33697916666666666 0.02962962962962963
2 0.19817708333333334 0.5060185185185185 0.0890625 0.7361111111111112
2 0.41380208333333335 0.5013888888888889 0.1671875 0.5527777777777778
