0 0.42578125 0.7518518518518519 0.20677083333333332 0.22592592592592592
0 0.6231770833333333 0.7513888888888889 0.16614583333333333 0.2212962962962963
0 0.7856770833333333 0.7273148148148149 0.4276041666666667 0.14907407407407408
0 0.5125 0.7148148148148148 0.030208333333333334 0.05925925925925926
0 0.6322916666666667 0.7171296296296297 0.057291666666666664 0.06759259259259259
0 0.7385416666666667 0.6981481481481482 0.07083333333333333 0.04814814814814815
1 0.5200520833333333 0.6625 0.018229166666666668 0.019444444444444445
1 0.5697916666666667 0.6615740740740741 0.022916666666666665 0.030555555555555555
1 0.621875 0.6597222222222222 0.03125 0.019444444444444445
1 0.815625 0.6893518518518519 0.3645833333333333 0.075
1 0.79921875 0.6675925925925926 0.22447916666666667 0.03518518518518519
1 0.8778645833333333 0.6527777777777778 0.2390625 0.027777777777777776
2 0.3567708333333333 0.40879629629629627 0.2552083333333333 0.7916666666666666
