0 0.42604166666666665 0.7541666666666667 0.21770833333333334 0.23055555555555557
0 0.5828125 0.7199074074074074 0.08541666666666667 0.1398148148148148
0 0.5104166666666666 0.7560185185185185 0.03125 0.075
0 0.6815104166666667 0.7435185185185185 0.09322916666666667 0.06666666666666667
0 0.8080729166666667 0.712037037037037 0.10572916666666667 0.04814814814814815
0 0.6864583333333333 0.7027777777777777 0.234375 0.11296296296296296
1 0.51875 0.6717592592592593 0.028125 0.026851851851851852
1 0.5776041666666667 0.6722222222222223 0.01875 0.025925925925925925
1 0.6328125 0.6726851851851852 0.035416666666666666 0.025
1 0.8098958333333334 0.6865740740740741 0.3770833333333333 0.075
1 0.8278645833333333 0.6703703703703704 0.33177083333333335 0.02962962962962963
1 0.9143229166666667 0.6620370370370371 0.1703125 0.012962962962962963
1 0.5919270833333333 0.6541666666666667 0.049479166666666664 0.028703703703703703
