0 0.43255208333333334 0.7537037037037037 0.21822916666666667 0.23333333333333334
0 0.51015625 0.8037037037037037 0.0578125 0.11481481481481481
0 0.61484375 0.7569444444444444 0.14635416666666667 0.21944444444444444
0 0.7854166666666667 0.7953703703703704 0.2 0.11851851851851852
0 0.78203125 0.7347222222222223 0.3671875 0.12314814814814815
0 0.9208333333333333 0.7361111111111112 0.15729166666666666 0.05
1 0.5169270833333334 0.6763888888888889 0.0203125 0.026851851851851852
1 0.5856770833333333 0.6754629629629629 0.018229166666666668 0.03796296296296296
1 0.653125 0.6861111111111111 0.04479166666666667 0.040740740740740744
1 0.8203125 0.687037037037037 0.35104166666666664 0.06851851851851852
1 0.8372395833333334 0.6694444444444444 0.3234375 0.03148148148148148
1 0.60078125 0.6583333333333333 0.04635416666666667 0.022222222222222223
