0 0.4317708333333333 0.7620370370370371 0.209375 0.22592592592592592
0 0.5807291666666666 0.7060185185185185 0.075 0.1175925925925926
0 0.8044270833333333 0.7412037037037037 0.39114583333333336 0.1287037037037037
0 0.5182291666666666 0.6856481481481481 0.015625 0.041666666666666664
0 0.6 0.6875 0.041666666666666664 0.026851851851851852
0 0.6731770833333334 0.6782407407407407 0.04739583333333333 0.03981481481481482
1 0.8666666666666667 0.8282407407407407 0.08958333333333333 0.05277777777777778
1 0.8200520833333333 0.687037037037037 0.35260416666666666 0.06296296296296296
1 0.6059895833333333 0.6583333333333333 0.059895833333333336 0.027777777777777776
1 0.8317708333333333 0.6685185185185185 0.2677083333333333 0.03333333333333333
