0 0.44036458333333334 0.7597222222222222 0.21510416666666668 0.2212962962962963
0 0.5161458333333333 0.7296296296296296 0.040625 0.05740740740740741
0 0.6239583333333333 0.7578703703703704 0.159375 0.21574074074074073
0 0.6463541666666667 0.7212962962962963 0.059375 0.053703703703703705
0 0.8122395833333333 0.7481481481481481 0.37447916666666664 0.11481481481481481
0 0.7559895833333333 0.7097222222222223 0.08802083333333334 0.03981481481481482
1 0.6263020833333334 0.6763888888888889 0.06614583333333333 0.026851851851851852
1 0.8041666666666667 0.6722222222222223 0.25 0.02962962962962963
1 0.8419270833333333 0.6958333333333333 0.3140625 0.06018518518518518
2 0.59765625 0.6319444444444444 0.0203125 0.09722222222222222
