0 0.434375 0.7592592592592593 0.21145833333333333 0.22037037037037038
0 0.51796875 0.7643518518518518 0.03697916666666667 0.11574074074074074
0 0.7036458333333333 0.7574074074074074 0.1 0.09259259259259259
0 0.84140625 0.725 0.12760416666666666 0.06111111111111111
0 0.5963541666666666 0.7291666666666666 0.10416666666666667 0.1638888888888889
0 0.8153645833333333 0.749537037037037 0.3671875 0.11203703703703703
1 0.6299479166666667 0.6671296296296296 0.0890625 0.04722222222222222
1 0.8513020833333333 0.700462962962963 0.29322916666666665 0.05277777777777778
1 0.809375 0.6620370370370371 0.3770833333333333 0.05555555555555555
2 0.5989583333333334 0.6324074074074074 0.027083333333333334 0.08888888888888889
