0 0.43645833333333334 0.7601851851851852 0.221875 0.21481481481481482
0 0.6231770833333333 0.7606481481481482 0.14947916666666666 0.2101851851851852
0 0.8453125 0.7555555555555555 0.30833333333333335 0.07962962962962963
0 0.8096354166666667 0.8074074074074075 0.18072916666666666 0.09814814814814815
0 0.9317708333333333 0.7421296296296296 0.13229166666666667 0.062037037037037036
1 0.5190104166666667 0.8148148148148148 0.06614583333333333 0.10185185185185185
1 0.6471354166666666 0.6847222222222222 0.0921875 0.05462962962962963
1 0.8682291666666667 0.6958333333333333 0.25625 0.05462962962962963
1 0.8104166666666667 0.6587962962962963 0.378125 0.049074074074074076
2 0.6057291666666667 0.6365740740740741 0.03854166666666667 0.10648148148148148
